1 0.6046875 0.4015625 0.00625 0.0125
3 0.83125 0.3984375 0.01640625 0.0546875
3 0.85078125 0.46953125 0.01484375 0.06328125
3 0.334375 0.396875 0.01328125 0.053125
3 0.60625 0.31328125 0.01640625 0.05078125
3 0.428125 0.4546875 0.01640625 0.05703125
3 0.49375 0.30078125 0.01796875 0.04140625
3 0.903125 0.4078125 0.01171875 0.05859375
3 0.4109375 0.3421875 0.01328125 0.0484375
3 0.9015625 0.52421875 0.01640625 0.075
3 0.55390625 0.3171875 0.0171875 0.04765625
3 0.61328125 0.3921875 0.02109375 0.05625
3 0.259375 0.43828125 0.0171875 0.0671875
0 0.575 0.43125 0.01328125 0.0546875
3 0.5203125 0.2953125 0.015625 0.0390625
3 0.38359375 0.36484375 0.0109375 0.04921875
3 0.43359375 0.365625 0.0203125 0.04765625
3 0.31484375 0.428125 0.01640625 0.05859375
3 0.29609375 0.42734375 0.015625 0.05390625
3 0.4390625 0.33203125 0.009375 0.03515625
2 0.15390625 0.34921875 0.01484375 0.06171875