1 0.54765625 0.465625 0.00546875 0.01015625
3 0.653125 0.61953125 0.0234375 0.078125
3 0.309375 0.64375 0.0171875 0.07109375
3 0.74609375 0.34296875 0.0140625 0.0515625
3 0.11171875 0.55703125 0.01640625 0.06328125
3 0.8765625 0.53515625 0.02421875 0.06640625
3 0.77421875 0.43828125 0.0171875 0.05859375
3 0.16015625 0.56796875 0.0171875 0.07421875
3 0.55703125 0.44765625 0.01953125 0.04921875
3 0.56953125 0.5203125 0.01328125 0.059375
3 0.35625 0.48359375 0.01484375 0.06328125
3 0.221875 0.453125 0.01796875 0.059375
3 0.2546875 0.4859375 0.01953125 0.0609375
3 0.44375 0.734375 0.01953125 0.08203125
3 0.38046875 0.3953125 0.01328125 0.05546875
0 0.32421875 0.41171875 0.0140625 0.05234375
3 0.37578125 0.29765625 0.01328125 0.04609375
3 0.48125 0.33828125 0.0109375 0.04140625
3 0.68046875 0.32578125 0.01484375 0.04375
3 0.2359375 0.39765625 0.01328125 0.05390625
3 0.6765625 0.45234375 0.01640625 0.059375
3 0.4171875 0.24921875 0.01484375 0.03203125