1 0.7328125 0.703125 0.00625 0.0125
3 0.17890625 0.66953125 0.01953125 0.0484375
1 0.7328125 0.70234375 0.00625 0.00859375
3 0.6671875 0.571875 0.01171875 0.03828125
3 0.7296875 0.6828125 0.01796875 0.0484375
3 0.459375 0.5734375 0.01171875 0.03828125
3 0.459375 0.46015625 0.0078125 0.0296875
3 0.575 0.6078125 0.01328125 0.04453125
3 0.0515625 0.72421875 0.01328125 0.04609375
0 0.49765625 0.590625 0.0109375 0.0390625
3 0.51640625 0.7046875 0.0109375 0.04609375
3 0.41796875 0.840625 0.0203125 0.0609375
3 0.34375 0.53984375 0.0109375 0.0328125
3 0.6515625 0.5046875 0.009375 0.0359375
3 0.54375 0.73984375 0.0125 0.0484375
3 0.45234375 0.6375 0.015625 0.04140625
2 0.05390625 0.53046875 0.0109375 0.03515625
3 0.534375 0.6734375 0.0140625 0.04609375
3 0.29765625 0.6375 0.01171875 0.0359375
3 0.28359375 0.5859375 0.01015625 0.04140625
3 0.56015625 0.6984375 0.01328125 0.04453125
3 0.315625 0.634375 0.01484375 0.04296875
3 0.34453125 0.7703125 0.01171875 0.03671875
3 0.34921875 0.51640625 0.0078125 0.0328125