1 0.465625 0.3171875 0.00625 0.01171875
3 0.37734375 0.60859375 0.03515625 0.06796875
3 0.409375 0.5203125 0.0234375 0.0578125
3 0.25 0.62109375 0.02734375 0.06875
3 0.346875 0.25390625 0.01640625 0.05390625
2 0.065625 0.3015625 0.0234375 0.05078125
3 0.5828125 0.3578125 0.01171875 0.0453125
3 0.81953125 0.27734375 0.0109375 0.0453125
3 0.35859375 0.4234375 0.0140625 0.0515625
3 0.60234375 0.18671875 0.01015625 0.03515625
3 0.3078125 0.44609375 0.0234375 0.05546875
3 0.56484375 0.44375 0.01484375 0.06328125
3 0.265625 0.31796875 0.0140625 0.0453125
3 0.38671875 0.325 0.01484375 0.046875
3 0.765625 0.49296875 0.02421875 0.06640625
3 0.8015625 0.47578125 0.0171875 0.0578125
3 0.36484375 0.37734375 0.01640625 0.04765625
3 0.4921875 0.2984375 0.021875 0.04375
0 0.490625 0.4015625 0.01484375 0.05390625
3 0.48515625 0.271875 0.0171875 0.0265625
3 0.790625 0.25078125 0.0125 0.04453125
3 0.83125 0.296875 0.0109375 0.05390625