3 0.2453125 0.43359375 0.02421875 0.05
1 0.25 0.3984375 0.00546875 0.009375
3 0.39765625 0.5640625 0.01640625 0.065625
3 0.4671875 0.5234375 0.02421875 0.0671875
3 0.7296875 0.540625 0.02265625 0.07578125
3 0.38046875 0.2421875 0.01015625 0.03984375
3 0.63046875 0.171875 0.01015625 0.03046875
3 0.48828125 0.28984375 0.0140625 0.04296875
3 0.2234375 0.375 0.0140625 0.04140625
3 0.84375 0.3140625 0.0125 0.04921875
3 0.63125 0.3953125 0.0140625 0.046875
3 0.10859375 0.60859375 0.015625 0.06015625
3 0.19453125 0.32421875 0.01484375 0.046875
0 0.48046875 0.390625 0.0125 0.053125
3 0.6578125 0.36875 0.01015625 0.05625
2 0.071875 0.31875 0.015625 0.0453125
3 0.428125 0.2484375 0.0109375 0.0390625
3 0.7859375 0.55625 0.01484375 0.071875
3 0.22109375 0.42109375 0.021875 0.0484375
3 0.18984375 0.59296875 0.02578125 0.059375
3 0.89296875 0.36875 0.0109375 0.059375
3 0.87265625 0.27421875 0.0109375 0.0453125