1 0.19375 0.671875 0.00703125 0.0125
3 0.1953125 0.47890625 0.01875 0.05
3 0.1921875 0.4765625 0.015625 0.0484375
1 0.19453125 0.67109375 0.00625 0.009375
3 0.41796875 0.43515625 0.01015625 0.0390625
3 0.67578125 0.4015625 0.0125 0.0390625
3 0.778125 0.31796875 0.01015625 0.034375
3 0.84609375 0.57890625 0.015625 0.05390625
3 0.57734375 0.328125 0.00859375 0.03125
3 0.4359375 0.3921875 0.01015625 0.0390625
3 0.7765625 0.4625 0.01328125 0.04765625
3 0.24453125 0.4703125 0.0140625 0.04140625
3 0.7640625 0.375 0.0109375 0.03671875
3 0.753125 0.3078125 0.009375 0.0328125
3 0.35078125 0.66171875 0.01640625 0.04765625
0 0.61640625 0.42578125 0.01328125 0.040625
3 0.51484375 0.484375 0.0140625 0.04453125
3 0.46953125 0.2953125 0.00859375 0.03046875
3 0.62421875 0.38125 0.01171875 0.03671875
3 0.7171875 0.275 0.00859375 0.03125
3 0.81015625 0.5484375 0.01484375 0.05546875
2 0.159375 0.37734375 0.01171875 0.04140625
3 0.18125 0.646875 0.02578125 0.0578125
1 0.67265625 0.42265625 0.00234375 0.00234375
3 0.79296875 0.39296875 0.01171875 0.03828125