1 0.73828125 0.5953125 0.0046875 0.00859375
3 0.515625 0.84296875 0.02109375 0.065625
3 0.3625 0.44296875 0.009375 0.03359375
3 0.6390625 0.46328125 0.0109375 0.034375
3 0.259375 0.840625 0.015625 0.0609375
3 0.46796875 0.46171875 0.00703125 0.0359375
3 0.76484375 0.7 0.0125 0.0578125
3 0.62734375 0.55546875 0.01171875 0.03828125
3 0.31953125 0.49375 0.01015625 0.0375
3 0.46484375 0.528125 0.009375 0.0390625
3 0.36953125 0.72265625 0.015625 0.05234375
3 0.740625 0.5984375 0.0125 0.0453125
3 0.303125 0.6046875 0.0125 0.04453125
3 0.5296875 0.57109375 0.0109375 0.0484375
3 0.56171875 0.621875 0.0109375 0.04765625
3 0.40703125 0.3984375 0.0078125 0.0265625
3 0.7421875 0.43828125 0.01015625 0.03671875
3 0.3921875 0.553125 0.0125 0.04453125
3 0.4171875 0.43203125 0.00859375 0.0328125
3 0.56953125 0.35078125 0.00703125 0.02890625
3 0.35234375 0.478125 0.01015625 0.0375
0 0.446875 0.575 0.009375 0.0421875
2 0.07109375 0.47890625 0.01015625 0.03515625
2 0.959375 0.4859375 0.0140625 0.040625