1 0.69921875 0.71875 0.0046875 0.009375
3 0.37890625 0.753125 0.0234375 0.05234375
3 0.3796875 0.7578125 0.0125 0.04609375
3 0.2203125 0.82578125 0.01484375 0.05625
3 0.59921875 0.49609375 0.0109375 0.0328125
3 0.7046875 0.7078125 0.01484375 0.05234375
3 0.43984375 0.49609375 0.0125 0.03203125
3 0.7421875 0.646875 0.0109375 0.04765625
3 0.2875 0.65546875 0.01640625 0.05234375
3 0.3375 0.48046875 0.009375 0.0296875
3 0.37265625 0.4390625 0.0078125 0.02578125
3 0.5453125 0.3921875 0.0078125 0.02734375
3 0.5578125 0.5734375 0.0109375 0.04375
3 0.4421875 0.54921875 0.0109375 0.03125
3 0.57109375 0.5453125 0.0140625 0.034375
3 0.29765625 0.54140625 0.01328125 0.0375
3 0.74375 0.50078125 0.01015625 0.03671875
2 0.05859375 0.51875 0.01171875 0.0359375
3 0.3734375 0.5859375 0.00859375 0.04140625
3 0.3796875 0.471875 0.009375 0.0328125
3 0.33828125 0.52421875 0.01015625 0.0375
3 0.53828125 0.67734375 0.0125 0.05078125
0 0.4390625 0.57890625 0.0109375 0.03984375
2 0.878125 0.4984375 0.01328125 0.03828125
3 0.49375 0.84453125 0.01640625 0.03984375