1 0.7421875 0.38203125 0.00390625 0.0078125
3 0.5390625 0.465625 0.01484375 0.04375
3 0.5390625 0.465625 0.009375 0.0375
3 0.39609375 0.50078125 0.01015625 0.04140625
3 0.45390625 0.3828125 0.0078125 0.03203125
3 0.371875 0.43203125 0.00859375 0.0375
3 0.709375 0.4609375 0.009375 0.03671875
3 0.35078125 0.64453125 0.01171875 0.04765625
0 0.48515625 0.4984375 0.0109375 0.040625
3 0.54453125 0.5453125 0.01015625 0.0421875
3 0.353125 0.50625 0.009375 0.0375
3 0.509375 0.39375 0.0078125 0.02890625
3 0.27578125 0.7515625 0.0140625 0.05390625
3 0.49140625 0.44453125 0.00859375 0.0328125
3 0.79609375 0.63125 0.0125 0.0515625
3 0.7484375 0.3703125 0.0109375 0.03125
3 0.36015625 0.4328125 0.00859375 0.03515625
3 0.69453125 0.46328125 0.009375 0.0375
3 0.40703125 0.384375 0.0078125 0.03046875
3 0.47578125 0.34140625 0.00703125 0.02265625
3 0.7140625 0.38671875 0.0078125 0.02578125
2 0.11015625 0.4328125 0.01015625 0.03359375
3 0.53203125 0.778125 0.0140625 0.06328125
2 0.9828125 0.446875 0.0125 0.03671875