1 0.8265625 0.4578125 0.00546875 0.009375
3 0.42890625 0.4921875 0.0109375 0.04296875
3 0.21015625 0.4703125 0.01171875 0.03828125
3 0.57734375 0.4234375 0.0109375 0.03359375
3 0.328125 0.60546875 0.01171875 0.04921875
3 0.1796875 0.6234375 0.015625 0.04765625
3 0.2578125 0.45859375 0.00859375 0.0328125
3 0.35703125 0.41328125 0.0078125 0.03046875
3 0.74921875 0.496875 0.01015625 0.03828125
3 0.6296875 0.43828125 0.009375 0.034375
3 0.421875 0.603125 0.0140625 0.0453125
3 0.8578125 0.70390625 0.0140625 0.0578125
3 0.25234375 0.41953125 0.0109375 0.0328125
3 0.7859375 0.6453125 0.01640625 0.05390625
0 0.45546875 0.51953125 0.01015625 0.03828125
3 0.45234375 0.4796875 0.009375 0.0328125
3 0.36875 0.38828125 0.0078125 0.0265625
3 0.30390625 0.7640625 0.015625 0.0625
3 0.18203125 0.5265625 0.0125 0.03984375
3 0.19609375 0.72265625 0.01875 0.0578125
3 0.734375 0.53828125 0.0109375 0.03984375
2 0.8421875 0.4515625 0.01171875 0.0359375
3 0.44296875 0.825 0.02265625 0.07421875