3 0.89609375 0.78125 0.02265625 0.04765625
1 0.93203125 0.7609375 0.0109375 0.01484375
3 0.42109375 0.8046875 0.0125 0.05625
3 0.5125 0.36796875 0.00703125 0.03046875
3 0.8078125 0.58828125 0.01484375 0.04765625
3 0.525 0.478125 0.0140625 0.040625
3 0.178125 0.62578125 0.015625 0.05546875
3 0.39921875 0.40703125 0.0125 0.03359375
3 0.70703125 0.5265625 0.01328125 0.040625
3 0.3015625 0.4140625 0.01171875 0.03671875
3 0.48828125 0.4828125 0.01484375 0.040625
3 0.665625 0.42421875 0.0140625 0.03984375
3 0.4171875 0.36015625 0.00859375 0.03359375
3 0.18203125 0.6640625 0.01796875 0.05
3 0.4390625 0.61328125 0.0203125 0.05234375
3 0.3078125 0.6109375 0.01640625 0.05078125
3 0.55703125 0.36640625 0.009375 0.03203125
3 0.259375 0.74140625 0.01484375 0.059375
3 0.72578125 0.46015625 0.015625 0.03671875
3 0.26953125 0.49140625 0.01328125 0.0421875
3 0.87109375 0.77265625 0.02265625 0.06796875
0 0.51484375 0.5203125 0.01171875 0.04296875