3 0.70703125 0.2671875 0.0125 0.034375
1 0.73515625 0.2703125 0.0046875 0.01015625
3 0.3015625 0.59765625 0.021875 0.06015625
1 0.73515625 0.2703125 0.0015625 0.003125
3 0.3 0.60390625 0.0125 0.05
3 0.7125 0.465625 0.01328125 0.053125
3 0.80390625 0.3734375 0.01328125 0.04453125
3 0.42109375 0.38515625 0.01171875 0.040625
3 0.53046875 0.4703125 0.01484375 0.05078125
3 0.5609375 0.33515625 0.01015625 0.03671875
0 0.49140625 0.3671875 0.0109375 0.03828125
3 0.665625 0.35390625 0.0125 0.040625
3 0.31796875 0.48046875 0.01796875 0.05078125
3 0.4203125 0.31953125 0.009375 0.0375
2 0.05234375 0.35234375 0.01328125 0.0421875
3 0.559375 0.2546875 0.00859375 0.0328125
3 0.72734375 0.25625 0.01171875 0.0265625
3 0.65 0.309375 0.009375 0.0328125
3 0.5140625 0.315625 0.0109375 0.040625
3 0.37265625 0.340625 0.01015625 0.04140625
3 0.39375 0.25546875 0.01171875 0.0328125
3 0.621875 0.25234375 0.00859375 0.02578125
3 0.3765625 0.30078125 0.01015625 0.0375
3 0.63125 0.24375 0.009375 0.025