3 0.31015625 0.38203125 0.01328125 0.05
3 0.56171875 0.47890625 0.01796875 0.05859375
1 0.7546875 0.27734375 0.003125 0.003125
3 0.20859375 0.41015625 0.015625 0.0484375
3 0.228125 0.57890625 0.015625 0.0625
3 0.28203125 0.3765625 0.01484375 0.0421875
3 0.5171875 0.28046875 0.01171875 0.034375
3 0.7578125 0.47578125 0.01171875 0.05234375
3 0.22734375 0.3046875 0.01015625 0.03671875
0 0.3765625 0.38828125 0.0125 0.04453125
3 0.59921875 0.303125 0.009375 0.0359375
3 0.1890625 0.33671875 0.0125 0.04140625
3 0.70078125 0.29453125 0.01171875 0.03515625
3 0.1453125 0.47265625 0.0125 0.05
3 0.58828125 0.246875 0.0078125 0.03125
3 0.2609375 0.31015625 0.01015625 0.0328125
3 0.16328125 0.33203125 0.01171875 0.03828125
3 0.48984375 0.2796875 0.0140625 0.03125
3 0.20234375 0.27265625 0.0078125 0.02734375
3 0.2046875 0.715625 0.02890625 0.06796875
3 0.19921875 0.2828125 0.01015625 0.03671875
3 0.57109375 0.22109375 0.0109375 0.0265625
2 0.7796875 0.27109375 0.01328125 0.0421875