3 0.3046875 0.50625 0.01953125 0.0609375
3 0.5390625 0.16875 0.01796875 0.03359375
3 0.64453125 0.19453125 0.0125 0.0390625
2 0.18828125 0.2296875 0.01640625 0.040625
3 0.4375 0.18984375 0.0171875 0.0375
3 0.70234375 0.50859375 0.015625 0.06484375
3 0.85234375 0.3703125 0.01328125 0.0546875
3 0.87421875 0.28984375 0.01171875 0.046875
0 0.6140625 0.23046875 0.009375 0.0390625
3 0.08515625 0.34375 0.0125 0.03984375
3 0.6984375 0.30859375 0.01171875 0.04609375
3 0.78203125 0.39453125 0.01484375 0.05
3 0.34296875 0.17421875 0.01171875 0.03125
3 0.7375 0.3234375 0.01171875 0.04609375
1 0.5328125 0.1796875 0.003125 0.003125
3 0.71875 0.19609375 0.0125 0.03828125
3 0.515625 0.27421875 0.0109375 0.0453125
3 0.6625 0.2328125 0.009375 0.040625
3 0.50625 0.33125 0.01015625 0.04453125
3 0.45546875 0.2984375 0.01171875 0.04609375
3 0.23203125 0.240625 0.01328125 0.03515625
3 0.3890625 0.396875 0.0140625 0.05078125
3 0.4703125 0.20078125 0.009375 0.0359375