3 0.35859375 0.384375 0.01796875 0.04609375
3 0.5140625 0.51953125 0.0171875 0.053125
1 0.153125 0.346875 0.00546875 0.00546875
3 0.58203125 0.35546875 0.0109375 0.0328125
3 0.59140625 0.26953125 0.009375 0.03359375
3 0.415625 0.34609375 0.01171875 0.03515625
3 0.65390625 0.3015625 0.009375 0.03515625
3 0.81328125 0.2671875 0.01171875 0.0296875
3 0.7953125 0.30703125 0.01015625 0.0328125
3 0.8421875 0.32421875 0.0109375 0.040625
3 0.365625 0.30390625 0.01015625 0.03671875
3 0.81875 0.5046875 0.0125 0.04453125
0 0.6734375 0.31953125 0.0109375 0.03671875
2 0.14921875 0.328125 0.01171875 0.03984375
3 0.865625 0.38359375 0.01171875 0.0421875
3 0.72578125 0.309375 0.009375 0.0328125
3 0.78984375 0.35625 0.0125 0.03828125
3 0.82890625 0.31015625 0.009375 0.0328125
3 0.4125 0.2921875 0.009375 0.03359375
3 0.57578125 0.25 0.01328125 0.0328125
3 0.72734375 0.23984375 0.01484375 0.034375
3 0.84609375 0.24609375 0.0140625 0.0265625
3 0.8578125 0.340625 0.009375 0.04453125