1 0.096875 0.61875 0.00546875 0.01015625
3 0.61171875 0.58203125 0.01328125 0.05703125
3 0.72890625 0.64921875 0.01484375 0.05703125
3 0.36875 0.365625 0.01015625 0.03671875
3 0.65703125 0.43828125 0.01328125 0.03671875
3 0.496875 0.4078125 0.0109375 0.0359375
0 0.6125 0.475 0.01171875 0.040625
3 0.24140625 0.4875 0.0109375 0.04296875
3 0.73984375 0.43203125 0.01015625 0.0375
3 0.425 0.3703125 0.009375 0.0328125
3 0.290625 0.48203125 0.01328125 0.04140625
3 0.41796875 0.5203125 0.01484375 0.04140625
3 0.39609375 0.5171875 0.01953125 0.0421875
3 0.7515625 0.4671875 0.01484375 0.04296875
3 0.35390625 0.7140625 0.01875 0.06015625
3 0.70625 0.44296875 0.01015625 0.03671875
3 0.6609375 0.64140625 0.01484375 0.05859375
3 0.1859375 0.61796875 0.0171875 0.04453125
3 0.746875 0.375 0.0078125 0.03671875
3 0.10859375 0.60078125 0.01796875 0.04453125
3 0.33046875 0.7359375 0.0140625 0.04921875
3 0.6484375 0.309375 0.01015625 0.0234375
2 0.14296875 0.425 0.0125 0.0375