3 0.39375 0.88828125 0.02265625 0.06015625
3 0.05 0.79765625 0.015625 0.05234375
3 0.45234375 0.6890625 0.01015625 0.04453125
3 0.5328125 0.46875 0.0078125 0.03125
3 0.571875 0.54921875 0.009375 0.03515625
1 0.8484375 0.70859375 0.0046875 0.02109375
3 0.871875 0.70078125 0.0171875 0.04921875
3 0.415625 0.60859375 0.01015625 0.03984375
3 0.22578125 0.6875 0.0140625 0.04609375
3 0.5015625 0.6625 0.009375 0.04296875
3 0.36328125 0.47578125 0.00859375 0.0265625
3 0.62109375 0.6828125 0.01953125 0.0484375
3 0.25625 0.6078125 0.01328125 0.0421875
3 0.31796875 0.5375 0.00859375 0.03359375
3 0.259375 0.7953125 0.015625 0.0515625
3 0.30390625 0.525 0.0078125 0.03359375
3 0.2703125 0.63984375 0.0109375 0.04375
3 0.49375 0.69453125 0.01640625 0.05
3 0.55546875 0.5625 0.009375 0.0390625
3 0.409375 0.55 0.009375 0.03515625
0 0.459375 0.590625 0.01015625 0.0390625
3 0.59375 0.92109375 0.02109375 0.06015625
2 0.85 0.5203125 0.0125 0.04609375