1 0.58203125 0.4140625 0.0046875 0.009375
3 0.27890625 0.7828125 0.03515625 0.07578125
3 0.7171875 0.3234375 0.009375 0.0390625
3 0.4671875 0.36171875 0.01171875 0.04375
3 0.69609375 0.34375 0.01328125 0.0390625
3 0.40390625 0.26171875 0.015625 0.0390625
3 0.24453125 0.61875 0.02109375 0.07265625
3 0.521875 0.3265625 0.0109375 0.0359375
3 0.690625 0.2703125 0.01484375 0.0390625
3 0.45234375 0.253125 0.01328125 0.0296875
3 0.38359375 0.346875 0.0109375 0.03984375
3 0.62578125 0.35703125 0.0140625 0.0375
3 0.65546875 0.6 0.01796875 0.07109375
3 0.296875 0.3578125 0.0125 0.046875
3 0.7421875 0.35234375 0.01640625 0.0453125
3 0.590625 0.5390625 0.01953125 0.0640625
3 0.54296875 0.4125 0.01640625 0.05
0 0.4796875 0.4015625 0.0171875 0.0515625
3 0.68828125 0.3765625 0.0203125 0.04921875
3 0.5859375 0.39921875 0.015625 0.04765625
3 0.86953125 0.40859375 0.01171875 0.04140625
3 0.2765625 0.43515625 0.01328125 0.0578125