1 0.2109375 0.35078125 0.00546875 0.0109375
3 0.37265625 0.671875 0.02890625 0.06875
3 0.6890625 0.33984375 0.0125 0.0390625
3 0.71015625 0.60234375 0.01953125 0.06171875
3 0.55078125 0.27421875 0.009375 0.03203125
3 0.428125 0.3171875 0.0109375 0.03671875
3 0.78203125 0.2765625 0.0125 0.0328125
3 0.803125 0.38671875 0.0125 0.040625
3 0.7921875 0.3203125 0.0109375 0.03984375
2 0.2015625 0.33359375 0.02421875 0.0453125
3 0.5609375 0.396875 0.01796875 0.04765625
3 0.43515625 0.36328125 0.01328125 0.040625
3 0.81640625 0.440625 0.01328125 0.0515625
3 0.30234375 0.371875 0.01328125 0.04453125
3 0.6390625 0.3296875 0.0125 0.0359375
0 0.64375 0.35703125 0.0125 0.03828125
3 0.2703125 0.38125 0.01640625 0.040625
3 0.809375 0.3125 0.0109375 0.025
3 0.8234375 0.4265625 0.015625 0.0484375
3 0.80546875 0.3390625 0.015625 0.04453125
3 0.80390625 0.25625 0.01328125 0.03125
3 0.49453125 0.2453125 0.0125 0.03125