1 0.23125 0.22421875 0.00625 0.0109375
3 0.71796875 0.453125 0.01640625 0.0609375
1 0.71953125 0.45859375 0.01953125 0.0625
3 0.56015625 0.17265625 0.0109375 0.03515625
3 0.325 0.1609375 0.01015625 0.034375
3 0.40859375 0.19296875 0.01015625 0.0359375
3 0.478125 0.1640625 0.00859375 0.0359375
3 0.3078125 0.42265625 0.0140625 0.0453125
3 0.29375 0.1984375 0.0109375 0.03828125
3 0.40390625 0.28984375 0.0109375 0.0484375
2 0.196875 0.2234375 0.01171875 0.0359375
3 0.6703125 0.18203125 0.0078125 0.03671875
3 0.8328125 0.24453125 0.0125 0.04296875
3 0.371875 0.1796875 0.009375 0.03671875
3 0.834375 0.32890625 0.009375 0.0515625
3 0.34140625 0.36875 0.01328125 0.05
3 0.73203125 0.3484375 0.01328125 0.04921875
3 0.671875 0.3046875 0.009375 0.04765625
3 0.45703125 0.25 0.00859375 0.03515625
3 0.6640625 0.27109375 0.01171875 0.04453125
3 0.125 0.3203125 0.01484375 0.04453125
3 0.4515625 0.27578125 0.0109375 0.04140625
3 0.646875 0.2203125 0.00859375 0.03984375
0 0.5609375 0.24140625 0.0140625 0.0390625