1 0.72890625 0.3140625 0.0078125 0.01328125
3 0.5328125 0.74296875 0.021875 0.06328125
2 0.8109375 0.3640625 0.021875 0.03828125
3 0.53125 0.74765625 0.0140625 0.05703125
1 0.728125 0.31328125 0.00390625 0.00390625
3 0.2359375 0.5 0.01328125 0.04609375
3 0.39921875 0.36953125 0.0078125 0.03125
3 0.503125 0.4 0.00859375 0.03046875
3 0.259375 0.44453125 0.0109375 0.03671875
3 0.4828125 0.4703125 0.01015625 0.0359375
3 0.3484375 0.653125 0.0171875 0.05703125
3 0.471875 0.4046875 0.0109375 0.03359375
3 0.28515625 0.365625 0.01015625 0.03359375
3 0.68203125 0.4515625 0.009375 0.040625
3 0.38203125 0.4796875 0.0109375 0.03984375
3 0.78203125 0.5796875 0.02734375 0.05390625
3 0.84296875 0.5609375 0.01171875 0.0359375
0 0.5046875 0.43203125 0.0109375 0.03515625
3 0.303125 0.40390625 0.009375 0.03125
3 0.2796875 0.60546875 0.0109375 0.03828125
3 0.34375 0.33046875 0.00859375 0.028125
3 0.25234375 0.4078125 0.01015625 0.03046875
3 0.79453125 0.37265625 0.01171875 0.03203125
3 0.6421875 0.3703125 0.009375 0.0328125
1 0.68515625 0.46875 0.0015625 0.0046875