1 0.71328125 0.6828125 0.0046875 0.009375
3 0.125 0.8078125 0.0203125 0.04921875
3 0.50703125 0.43671875 0.01328125 0.02890625
3 0.12578125 0.815625 0.01796875 0.0546875
3 0.50625 0.43515625 0.00625 0.02578125
3 0.4109375 0.52109375 0.00859375 0.034375
3 0.40859375 0.57734375 0.01015625 0.03671875
3 0.56328125 0.52421875 0.009375 0.034375
3 0.50859375 0.61875 0.0109375 0.0421875
3 0.27734375 0.76640625 0.0171875 0.0515625
3 0.71796875 0.671875 0.0140625 0.0453125
3 0.58359375 0.72890625 0.015625 0.05390625
3 0.33984375 0.4671875 0.0078125 0.02734375
3 0.2640625 0.5796875 0.01015625 0.03671875
3 0.32578125 0.50859375 0.00859375 0.0328125
3 0.75703125 0.59609375 0.009375 0.0421875
3 0.5234375 0.525 0.01328125 0.03203125
3 0.4625 0.6765625 0.01171875 0.04609375
3 0.28671875 0.58125 0.01015625 0.03828125
3 0.3140625 0.615625 0.009375 0.040625
3 0.240625 0.6703125 0.009375 0.03125
0 0.4359375 0.58671875 0.009375 0.0375
3 0.3 0.5203125 0.009375 0.03671875
3 0.43046875 0.89140625 0.01640625 0.05625
2 0.8125 0.5078125 0.01171875 0.03828125