3 0.559375 0.3484375 0.0140625 0.04375
1 0.54375 0.290625 0.00625 0.00625
0 0.46328125 0.4078125 0.0125 0.0390625
3 0.4171875 0.37421875 0.0109375 0.040625
3 0.70625 0.5171875 0.01171875 0.0578125
3 0.60859375 0.36171875 0.0109375 0.03828125
3 0.50703125 0.384375 0.015625 0.03828125
3 0.66796875 0.3609375 0.00859375 0.0375
3 0.61640625 0.35859375 0.0109375 0.03984375
3 0.8234375 0.4078125 0.01171875 0.04453125
3 0.2828125 0.6421875 0.0140625 0.05859375
3 0.71015625 0.30546875 0.0109375 0.0328125
3 0.7015625 0.3359375 0.009375 0.0359375
3 0.5265625 0.49375 0.0125 0.0390625
3 0.3625 0.37890625 0.0109375 0.04375
3 0.3046875 0.51171875 0.01484375 0.04921875
3 0.3640625 0.3328125 0.01015625 0.03828125
3 0.39296875 0.28125 0.0078125 0.0328125
3 0.615625 0.28359375 0.01015625 0.03046875
3 0.53046875 0.28203125 0.00859375 0.0296875
3 0.540625 0.28125 0.009375 0.02578125
3 0.3828125 0.2890625 0.00859375 0.0265625
2 0.05390625 0.35390625 0.01328125 0.046875