1 0.853125 0.4875 0.00625 0.01328125
3 0.34765625 0.6421875 0.02890625 0.0671875
3 0.50703125 0.4 0.01015625 0.03828125
3 0.64375 0.5171875 0.01953125 0.06015625
3 0.47578125 0.465625 0.01015625 0.0453125
3 0.4 0.3875 0.00859375 0.0359375
3 0.603125 0.40625 0.009375 0.034375
3 0.59921875 0.353125 0.00703125 0.0296875
3 0.1859375 0.5203125 0.015625 0.06015625
3 0.146875 0.4453125 0.0125 0.04765625
2 0.96796875 0.40703125 0.015625 0.0453125
3 0.16328125 0.446875 0.01171875 0.05234375
3 0.76484375 0.40546875 0.009375 0.0421875
3 0.4921875 0.4765625 0.01015625 0.05078125
3 0.41953125 0.33984375 0.00703125 0.028125
3 0.37109375 0.54296875 0.01484375 0.05859375
3 0.80390625 0.79765625 0.025 0.0984375
3 0.26015625 0.40390625 0.01171875 0.03984375
3 0.746875 0.41328125 0.0125 0.03828125
3 0.95 0.51171875 0.01484375 0.0578125
3 0.5484375 0.37890625 0.009375 0.03828125
3 0.3703125 0.346875 0.009375 0.03046875
0 0.5171875 0.43203125 0.01171875 0.0421875