3 0.55234375 0.47421875 0.01640625 0.0546875
3 0.471875 0.4203125 0.01171875 0.040625
3 0.69375 0.43046875 0.01328125 0.04296875
3 0.43828125 0.53046875 0.01171875 0.0578125
0 0.56328125 0.4390625 0.01484375 0.04375
3 0.7234375 0.48828125 0.01171875 0.05625
3 0.67421875 0.43359375 0.01015625 0.0421875
3 0.59140625 0.40234375 0.01015625 0.0390625
3 0.50390625 0.4765625 0.01171875 0.0484375
3 0.4953125 0.38125 0.0109375 0.034375
3 0.45390625 0.42109375 0.0109375 0.03828125
3 0.21796875 0.4671875 0.015625 0.05625
3 0.57109375 0.39921875 0.009375 0.0375
3 0.165625 0.6078125 0.0171875 0.07734375
3 0.8875 0.6125 0.01484375 0.0671875
1 0.36796875 0.42734375 0.00859375 0.009375
3 0.41171875 0.3734375 0.01015625 0.02890625
3 0.37890625 0.41328125 0.0109375 0.03359375
3 0.3703125 0.41328125 0.01484375 0.03359375
3 0.68828125 0.75078125 0.02265625 0.08671875
3 0.4484375 0.396875 0.0109375 0.03046875
3 0.7984375 0.5359375 0.01953125 0.05703125