1 0.909375 0.525 0.00703125 0.0125
3 0.43671875 0.6859375 0.02265625 0.07890625
3 0.5578125 0.43203125 0.01484375 0.040625
3 0.50703125 0.39609375 0.01640625 0.0375
2 0.86953125 0.45703125 0.01328125 0.03671875
3 0.31484375 0.38984375 0.00859375 0.028125
3 0.33671875 0.5765625 0.01171875 0.05703125
3 0.3703125 0.45078125 0.009375 0.040625
3 0.17578125 0.48359375 0.0109375 0.03828125
3 0.20703125 0.41328125 0.009375 0.03046875
3 0.7515625 0.62421875 0.01875 0.05859375
3 0.70390625 0.44296875 0.009375 0.0390625
3 0.6203125 0.540625 0.01953125 0.05234375
3 0.36640625 0.50078125 0.01015625 0.046875
0 0.4890625 0.50546875 0.0125 0.04921875
3 0.83671875 0.6453125 0.01484375 0.06171875
3 0.9125 0.540625 0.021875 0.04921875
3 0.8859375 0.5265625 0.0203125 0.05
3 0.5875 0.71640625 0.02265625 0.0703125
3 0.18203125 0.5640625 0.01640625 0.0578125
3 0.6140625 0.49375 0.01640625 0.046875
3 0.6734375 0.528125 0.01640625 0.04765625