1 0.40703125 0.7890625 0.0078125 0.01328125
3 0.49140625 0.759375 0.01796875 0.06953125
3 0.415625 0.6515625 0.01875 0.0640625
3 0.6671875 0.6578125 0.0140625 0.065625
3 0.66015625 0.47734375 0.0078125 0.034375
3 0.525 0.7546875 0.01796875 0.05859375
3 0.5953125 0.43984375 0.00703125 0.0296875
3 0.63984375 0.55390625 0.01171875 0.04140625
3 0.17109375 0.63125 0.01953125 0.06640625
3 0.63984375 0.478125 0.009375 0.03515625
3 0.6828125 0.6625 0.015625 0.0625
3 0.31015625 0.7078125 0.015625 0.06015625
3 0.396875 0.7671875 0.02421875 0.0671875
3 0.83515625 0.8171875 0.0203125 0.08515625
3 0.2671875 0.48125 0.01171875 0.04375
3 0.68203125 0.55546875 0.01015625 0.0421875
3 0.41796875 0.5484375 0.01171875 0.03828125
3 0.43203125 0.4 0.00703125 0.02265625
3 0.353125 0.5421875 0.0109375 0.04375
3 0.45625 0.71015625 0.02265625 0.0515625
3 0.22890625 0.56328125 0.01171875 0.04140625
3 0.35703125 0.51640625 0.0109375 0.03359375
2 0.021875 0.50390625 0.0109375 0.04453125
0 0.4578125 0.521875 0.0109375 0.03828125