3 0.86484375 0.72578125 0.025 0.08359375
1 0.875 0.66171875 0.00625 0.0140625
2 0.89453125 0.4296875 0.0171875 0.04453125
3 0.784375 0.5734375 0.0171875 0.059375
3 0.34921875 0.434375 0.01796875 0.05078125
3 0.38671875 0.45 0.01796875 0.05078125
3 0.31796875 0.3703125 0.0125 0.0421875
3 0.2484375 0.6375 0.01953125 0.07109375
3 0.659375 0.690625 0.0171875 0.06875
3 0.57734375 0.471875 0.01171875 0.03984375
3 0.09765625 0.52109375 0.0140625 0.05703125
3 0.36171875 0.52421875 0.01328125 0.04453125
0 0.4390625 0.48046875 0.0125 0.0421875
3 0.134375 0.4796875 0.0109375 0.0421875
3 0.46015625 0.64765625 0.0140625 0.05078125
3 0.90390625 0.55546875 0.01796875 0.05
3 0.24140625 0.38125 0.0125 0.03515625
3 0.5 0.409375 0.009375 0.03359375
3 0.6296875 0.45390625 0.0109375 0.03984375
3 0.43984375 0.53515625 0.01328125 0.05859375
3 0.1609375 0.45234375 0.0125 0.0453125
3 0.69140625 0.428125 0.01015625 0.03984375
3 0.5203125 0.378125 0.0078125 0.0296875