3 0.534375 0.4140625 0.0125 0.03671875
1 0.5578125 0.41015625 0.00390625 0.0078125
3 0.6765625 0.7859375 0.03046875 0.08984375
3 0.82109375 0.5046875 0.0171875 0.0484375
3 0.30546875 0.415625 0.0140625 0.04921875
3 0.4796875 0.44765625 0.01015625 0.04453125
3 0.49765625 0.39765625 0.00859375 0.03359375
3 0.53046875 0.528125 0.0125 0.0546875
3 0.109375 0.653125 0.02265625 0.07421875
3 0.40703125 0.4546875 0.0109375 0.04453125
0 0.5921875 0.4515625 0.009375 0.04375
3 0.559375 0.43984375 0.01015625 0.0375
3 0.2171875 0.48125 0.01171875 0.05859375
3 0.68125 0.43359375 0.0109375 0.04296875
3 0.43046875 0.39609375 0.009375 0.03671875
3 0.61640625 0.49296875 0.0125 0.04765625
3 0.5609375 0.4109375 0.01015625 0.03203125
3 0.703125 0.43125 0.0078125 0.04296875
3 0.9125 0.63359375 0.015625 0.0703125
3 0.85 0.5484375 0.01328125 0.05859375
3 0.58125 0.41015625 0.00859375 0.034375
3 0.5125 0.57421875 0.0140625 0.06328125
2 0.00859375 0.453125 0.01171875 0.05234375