1 0.55703125 0.1828125 0.0046875 0.009375
3 0.4515625 0.6640625 0.03203125 0.0921875
0 0.4859375 0.390625 0.02265625 0.0703125
3 0.86875 0.4421875 0.015625 0.0796875
3 0.80859375 0.3609375 0.01796875 0.071875
3 0.69609375 0.31328125 0.02265625 0.05
3 0.75859375 0.3125 0.0203125 0.05859375
3 0.5734375 0.3125 0.03046875 0.05625
3 0.41796875 0.31015625 0.01875 0.05390625
3 0.49921875 0.32890625 0.015625 0.0515625
3 0.515625 0.296875 0.01640625 0.0328125
3 0.3890625 0.31953125 0.01484375 0.05625
3 0.3296875 0.4203125 0.01328125 0.06875
3 0.23984375 0.43046875 0.01640625 0.0765625
3 0.7671875 0.3625 0.0125 0.0640625
3 0.2984375 0.359375 0.0125 0.06484375
3 0.19296875 0.33828125 0.01171875 0.05234375
3 0.7203125 0.584375 0.01796875 0.0921875
3 0.6390625 0.38125 0.01640625 0.0609375
3 0.5046875 0.38359375 0.0140625 0.06328125
3 0.5234375 0.3421875 0.0125 0.053125
3 0.74609375 0.48984375 0.01953125 0.0828125