1 0.33984375 0.0734375 0.0046875 0.009375
3 0.65859375 0.7265625 0.02890625 0.08828125
3 0.3890625 0.34296875 0.01171875 0.0328125
3 0.7546875 0.34609375 0.01015625 0.0359375
3 0.48125 0.3625 0.009375 0.0390625
3 0.54609375 0.3453125 0.009375 0.03359375
3 0.76796875 0.52734375 0.01796875 0.06875
3 0.1890625 0.359375 0.01328125 0.040625
3 0.79765625 0.59296875 0.0140625 0.0703125
3 0.28046875 0.39453125 0.01875 0.05
3 0.51875 0.34375 0.009375 0.03203125
3 0.49921875 0.37421875 0.01015625 0.03984375
3 0.78046875 0.359375 0.01328125 0.0359375
3 0.3578125 0.4453125 0.0125 0.05625
3 0.81328125 0.49296875 0.0125 0.05234375
3 0.25703125 0.4875 0.015625 0.0671875
3 0.54921875 0.390625 0.0109375 0.0453125
0 0.48984375 0.40546875 0.01328125 0.046875
3 0.57890625 0.425 0.01328125 0.0546875
3 0.79453125 0.40703125 0.0109375 0.04140625
2 0.11640625 0.36015625 0.01875 0.04296875