1 0.7453125 0.578125 0.009375 0.01484375
3 0.584375 0.57734375 0.02578125 0.08828125
3 0.25234375 0.234375 0.0109375 0.040625
0 0.40234375 0.4171875 0.015625 0.06484375
3 0.096875 0.4 0.0328125 0.07421875
3 0.2015625 0.45703125 0.02109375 0.08671875
3 0.84609375 0.378125 0.02421875 0.075
3 0.34375 0.35390625 0.0203125 0.04765625
3 0.6453125 0.47265625 0.0265625 0.08046875
3 0.6421875 0.3859375 0.03828125 0.0671875
3 0.93515625 0.50859375 0.02578125 0.1
3 0.58125 0.5890625 0.0203125 0.08359375
3 0.60625 0.2828125 0.01171875 0.05390625
3 0.32109375 0.21953125 0.01015625 0.0421875
3 0.4859375 0.34140625 0.01796875 0.06171875
3 0.66484375 0.28046875 0.0125 0.05390625
3 0.17734375 0.3203125 0.01640625 0.0625
3 0.29921875 0.41484375 0.01640625 0.0734375
3 0.84296875 0.3765625 0.01640625 0.06953125
3 0.1578125 0.3734375 0.0203125 0.06640625
3 0.64375 0.58359375 0.03671875 0.09140625
3 0.34609375 0.28203125 0.021875 0.053125
3 0.5703125 0.48984375 0.01953125 0.08359375
3 0.3421875 0.409375 0.01953125 0.07421875