1 0.59140625 0.44453125 0.0046875 0.0078125
3 0.53828125 0.5640625 0.01640625 0.05078125
1 0.590625 0.44375 0.00546875 0.00625
3 0.53671875 0.5734375 0.01484375 0.03515625
3 0.72421875 0.56796875 0.0125 0.04296875
3 0.44140625 0.46328125 0.01171875 0.034375
3 0.5828125 0.42421875 0.0140625 0.03515625
3 0.24296875 0.46484375 0.0109375 0.040625
3 0.33828125 0.396875 0.009375 0.0265625
3 0.640625 0.41015625 0.01015625 0.03125
0 0.52421875 0.3859375 0.01640625 0.03125
3 0.47578125 0.34921875 0.0109375 0.02890625
3 0.48515625 0.44140625 0.01171875 0.03359375
3 0.3625 0.36171875 0.00859375 0.0265625
3 0.2265625 0.4515625 0.01171875 0.0328125
3 0.5765625 0.33984375 0.01171875 0.028125
3 0.240625 0.38984375 0.01171875 0.0328125
3 0.2765625 0.36484375 0.01015625 0.028125
3 0.70234375 0.46953125 0.00859375 0.0328125
3 0.5015625 0.3109375 0.01171875 0.02578125
3 0.31875 0.35546875 0.01015625 0.0296875
3 0.52109375 0.3015625 0.0078125 0.02265625
2 0.85 0.36484375 0.0125 0.02265625
3 0.56953125 0.40859375 0.0140625 0.0265625
3 0.33359375 0.321875 0.00703125 0.025
3 0.72578125 0.55546875 0.00703125 0.025