1 0.7625 0.32421875 0.00390625 0.0078125
3 0.28125 0.6640625 0.01875 0.053125
3 0.52734375 0.5078125 0.01953125 0.05078125
3 0.63359375 0.61015625 0.0203125 0.04921875
3 0.26015625 0.51015625 0.02265625 0.04921875
1 0.76171875 0.325 0.00859375 0.00625
3 0.32265625 0.29375 0.0078125 0.028125
3 0.43203125 0.3015625 0.00703125 0.028125
3 0.5859375 0.3140625 0.00625 0.028125
3 0.27265625 0.403125 0.01015625 0.03515625
3 0.54453125 0.37890625 0.00859375 0.0296875
3 0.3296875 0.46953125 0.01171875 0.03984375
0 0.38125 0.375 0.00859375 0.03203125
3 0.6953125 0.3625 0.00859375 0.034375
3 0.4546875 0.2671875 0.00625 0.021875
3 0.67890625 0.2640625 0.0078125 0.02734375
3 0.2828125 0.36484375 0.009375 0.0359375
2 0.7671875 0.31484375 0.01328125 0.02578125
3 0.81875 0.4 0.01484375 0.0375
3 0.62109375 0.38203125 0.00859375 0.0359375