3 0.38203125 0.46328125 0.0203125 0.05078125
2 0.72265625 0.3203125 0.01171875 0.028125
3 0.3390625 0.30625 0.0140625 0.0203125
1 0.50078125 0.27265625 0.00234375 0.003125
3 0.1828125 0.3875 0.0109375 0.046875
3 0.446875 0.38203125 0.009375 0.03984375
3 0.5546875 0.34375 0.01015625 0.03671875
3 0.33828125 0.33671875 0.009375 0.0375
3 0.6046875 0.3234375 0.009375 0.03125
3 0.678125 0.36171875 0.01171875 0.04140625
0 0.5234375 0.32890625 0.009375 0.03125
3 0.6109375 0.27109375 0.00859375 0.02578125
3 0.49296875 0.2640625 0.01015625 0.02578125
3 0.421875 0.4703125 0.01015625 0.05234375
3 0.6296875 0.32265625 0.00859375 0.03046875
3 0.65859375 0.3125 0.009375 0.0328125
3 0.7234375 0.34921875 0.00859375 0.0375
3 0.53515625 0.278125 0.00703125 0.0265625