3 0.425 0.51640625 0.02421875 0.053125
1 0.484375 0.353125 0.0046875 0.00625
3 0.54609375 0.39765625 0.01171875 0.0390625
3 0.259375 0.33828125 0.0125 0.0375
3 0.2578125 0.40703125 0.0109375 0.0390625
3 0.5484375 0.32734375 0.0125 0.034375
3 0.6640625 0.3578125 0.00859375 0.0375
3 0.41640625 0.3390625 0.01015625 0.03125
0 0.5140625 0.35703125 0.009375 0.0296875
3 0.5765625 0.31484375 0.0078125 0.03203125
3 0.70234375 0.41953125 0.0078125 0.04140625
3 0.459375 0.29296875 0.009375 0.034375
3 0.36796875 0.375 0.0125 0.03359375
3 0.5453125 0.28125 0.00859375 0.02890625
3 0.2703125 0.4796875 0.01015625 0.040625
3 0.63984375 0.3484375 0.0078125 0.034375
3 0.46640625 0.35078125 0.0109375 0.03046875
3 0.2734375 0.396875 0.01015625 0.034375
3 0.59375 0.35703125 0.009375 0.03515625
3 0.271875 0.38125 0.00703125 0.0234375
3 0.33828125 0.30625 0.0109375 0.0359375
3 0.26875 0.4578125 0.00546875 0.0203125
3 0.4703125 0.4296875 0.01015625 0.0390625
3 0.2890625 0.2453125 0.009375 0.028125