1 0.7875 0.340625 0.00390625 0.00625
3 0.61796875 0.61171875 0.0171875 0.0515625
3 0.553125 0.515625 0.0171875 0.04609375
3 0.5296875 0.23671875 0.01171875 0.0265625
2 0.825 0.31328125 0.0109375 0.025
3 0.75859375 0.378125 0.0078125 0.03203125
3 0.25625 0.4359375 0.009375 0.03671875
3 0.790625 0.38359375 0.0109375 0.0328125
3 0.25625 0.5578125 0.0109375 0.04375
3 0.3328125 0.30234375 0.00859375 0.02890625
3 0.646875 0.40625 0.009375 0.03125
3 0.56953125 0.4109375 0.01015625 0.03203125
0 0.3703125 0.39140625 0.009375 0.028125
3 0.69609375 0.27734375 0.009375 0.028125
3 0.44375 0.275 0.0078125 0.02578125
3 0.31953125 0.5015625 0.01171875 0.04296875
3 0.46484375 0.321875 0.009375 0.03203125
3 0.28046875 0.3734375 0.009375 0.03515625
3 0.44609375 0.328125 0.00859375 0.03046875
3 0.61640625 0.3390625 0.00859375 0.028125
3 0.30625 0.30234375 0.0078125 0.02421875
3 0.01484375 0.3953125 0.0125 0.040625
3 0.234375 0.67890625 0.01953125 0.05390625