1 0.80546875 0.46484375 0.0046875 0.0109375
3 0.159375 0.70859375 0.02734375 0.05625
3 0.26953125 0.51171875 0.02421875 0.0578125
3 0.28671875 0.32265625 0.01328125 0.0359375
2 0.01015625 0.3921875 0.01796875 0.04375
3 0.41171875 0.29609375 0.0203125 0.03125
3 0.496875 0.25625 0.0140625 0.0390625
0 0.35703125 0.42734375 0.0140625 0.04609375
1 0.80703125 0.465625 0.0078125 0.009375
3 0.80859375 0.44609375 0.0109375 0.0390625
3 0.2875 0.54453125 0.01171875 0.04296875
3 0.56953125 0.5125 0.01015625 0.04296875
1 0.28828125 0.5671875 0.00625 0.00859375
3 0.5921875 0.37109375 0.009375 0.0359375
3 0.68203125 0.49140625 0.01015625 0.040625
3 0.7296875 0.4765625 0.01171875 0.0390625
3 0.61328125 0.55703125 0.0125 0.04375
3 0.5890625 0.56875 0.01328125 0.04921875
3 0.24140625 0.6078125 0.0125 0.04765625
3 0.69453125 0.31328125 0.00859375 0.03359375
3 0.46796875 0.3546875 0.01015625 0.0328125
3 0.43828125 0.37890625 0.01171875 0.0328125
3 0.2578125 0.37421875 0.01484375 0.0421875
1 0.9234375 0.38359375 0.00546875 0.00703125