3 0.45703125 0.38671875 0.02890625 0.05
0 0.59140625 0.37578125 0.0171875 0.0484375
2 0.73125 0.2953125 0.01171875 0.040625
1 0.56328125 0.2984375 0.00390625 0.0046875
3 0.45859375 0.38359375 0.0109375 0.0453125
3 0.2546875 0.321875 0.0109375 0.0421875
3 0.38125 0.45546875 0.0125 0.05
3 0.49765625 0.35703125 0.01171875 0.04140625
3 0.2703125 0.296875 0.01015625 0.03828125
3 0.65078125 0.3609375 0.0109375 0.0375
3 0.74609375 0.39453125 0.01171875 0.040625
3 0.521875 0.31953125 0.015625 0.0359375
3 0.1796875 0.38203125 0.0125 0.0484375
3 0.71015625 0.34765625 0.0125 0.0390625
3 0.68046875 0.409375 0.01328125 0.040625
3 0.60859375 0.296875 0.01171875 0.0328125
3 0.5921875 0.3328125 0.0125 0.0328125
3 0.68046875 0.31953125 0.0109375 0.0359375