3 0.7484375 0.5484375 0.00859375 0.04609375
3 0.5015625 0.4703125 0.0140625 0.03671875
3 0.146875 0.4203125 0.0125 0.03671875
0 0.51875 0.4140625 0.009375 0.03203125
3 0.23046875 0.3890625 0.009375 0.03125
3 0.42265625 0.36484375 0.01015625 0.0296875
3 0.5953125 0.41171875 0.01015625 0.0328125
3 0.5046875 0.328125 0.009375 0.02578125
3 0.203125 0.4 0.01015625 0.0296875
3 0.6375 0.4125 0.01328125 0.03046875
1 0.45234375 0.309375 0.00234375 0.003125
3 0.61015625 0.48984375 0.0109375 0.03515625
3 0.5671875 0.37109375 0.01171875 0.03046875
3 0.6375 0.45390625 0.01484375 0.03515625
3 0.31328125 0.4015625 0.01015625 0.02890625
3 0.48125 0.48359375 0.0109375 0.0421875
3 0.48671875 0.32109375 0.0078125 0.02578125
3 0.15859375 0.50625 0.01328125 0.04765625
2 0.71796875 0.35078125 0.0125 0.028125
3 0.3078125 0.43671875 0.01171875 0.0296875
3 0.21875 0.34921875 0.00859375 0.0265625