3 0.63828125 0.409375 0.01640625 0.06484375
1 0.46015625 0.24765625 0.00625 0.00625
3 0.4609375 0.2296875 0.0109375 0.0390625
3 0.24765625 0.22734375 0.01015625 0.0390625
3 0.61640625 0.20546875 0.01328125 0.0375
3 0.53984375 0.240625 0.0171875 0.040625
3 0.26875 0.2703125 0.01328125 0.04609375
3 0.57265625 0.32109375 0.0125 0.0453125
3 0.6 0.18984375 0.00859375 0.03125
3 0.83203125 0.36171875 0.02734375 0.04921875
3 0.79375 0.31953125 0.01015625 0.0578125
0 0.60703125 0.2890625 0.0109375 0.05
3 0.5515625 0.18828125 0.00859375 0.03125
3 0.1953125 0.4390625 0.0171875 0.059375
3 0.35546875 0.32578125 0.01484375 0.05078125
3 0.48359375 0.1984375 0.0078125 0.034375
3 0.68828125 0.325 0.0140625 0.05078125
3 0.8390625 0.384375 0.01875 0.046875
3 0.39296875 0.2359375 0.0109375 0.04296875
3 0.51171875 0.24375 0.01328125 0.03203125
3 0.446875 0.1984375 0.009375 0.040625
3 0.71953125 0.69140625 0.03359375 0.09453125