1 0.43671875 0.54375 0.0046875 0.01015625
3 0.30390625 0.596875 0.01875 0.05546875
3 0.8203125 0.465625 0.02578125 0.05625
3 0.77734375 0.590625 0.01953125 0.0578125
3 0.65234375 0.4515625 0.0171875 0.0421875
3 0.68515625 0.30390625 0.01953125 0.04296875
1 0.43828125 0.54296875 0.00703125 0.00859375
3 0.484375 0.490625 0.01328125 0.0453125
3 0.28828125 0.40859375 0.01171875 0.040625
2 0.1484375 0.32734375 0.0125 0.0359375
3 0.221875 0.475 0.0125 0.04765625
3 0.396875 0.3859375 0.009375 0.0390625
0 0.496875 0.45078125 0.01640625 0.03984375
3 0.3453125 0.615625 0.01484375 0.0546875
3 0.2375 0.44375 0.01015625 0.04453125
3 0.33359375 0.3203125 0.009375 0.03671875
3 0.80390625 0.34375 0.01328125 0.03828125
3 0.4046875 0.50625 0.02265625 0.0515625
3 0.70234375 0.4078125 0.0125 0.0390625
3 0.440625 0.5109375 0.0125 0.04296875
3 0.8171875 0.46640625 0.01328125 0.04609375
3 0.65 0.315625 0.01015625 0.03359375
3 0.3984375 0.30859375 0.0125 0.03203125