3 0.63671875 0.54921875 0.01484375 0.06484375
1 0.20859375 0.4953125 0.00546875 0.00625
3 0.85625 0.51171875 0.01328125 0.05703125
3 0.40703125 0.4875 0.01015625 0.04453125
3 0.365625 0.51953125 0.0203125 0.053125
3 0.8375 0.52109375 0.01953125 0.05234375
3 0.2046875 0.47421875 0.01328125 0.046875
3 0.6453125 0.365625 0.00859375 0.0375
3 0.68125 0.39921875 0.01015625 0.03828125
0 0.56328125 0.4125 0.009375 0.03828125
3 0.603125 0.46875 0.0125 0.0484375
3 0.503125 0.38671875 0.009375 0.03671875
3 0.43203125 0.43828125 0.01015625 0.04140625
3 0.8046875 0.44609375 0.01171875 0.04140625
3 0.7171875 0.575 0.0140625 0.065625
3 0.82890625 0.45078125 0.01328125 0.046875
3 0.5421875 0.36484375 0.009375 0.0359375
3 0.79921875 0.384375 0.01015625 0.0375
0 0.3875 0.378125 0.0125 0.03828125
2 0.20078125 0.3828125 0.01171875 0.0359375
3 0.35703125 0.34296875 0.01015625 0.03359375
3 0.54609375 0.3109375 0.0078125 0.028125
3 0.3171875 0.63359375 0.01171875 0.06640625