1 0.36328125 0.62578125 0.0078125 0.0140625
3 0.58203125 0.45390625 0.01953125 0.0484375
3 0.5140625 0.52265625 0.0140625 0.0515625
3 0.7640625 0.43125 0.02109375 0.0484375
3 0.66953125 0.36171875 0.01484375 0.0484375
3 0.75 0.51484375 0.02421875 0.06171875
3 0.64375 0.321875 0.01328125 0.0453125
3 0.57578125 0.38984375 0.015625 0.0578125
3 0.725 0.5359375 0.0203125 0.07734375
3 0.6 0.39140625 0.0171875 0.05234375
3 0.184375 0.3484375 0.01328125 0.0515625
3 0.084375 0.54453125 0.02421875 0.071875
3 0.4875 0.33125 0.01171875 0.04375
3 0.29375 0.4859375 0.01875 0.06484375
3 0.39765625 0.31953125 0.01171875 0.04375
2 0.95 0.3296875 0.0171875 0.04921875
3 0.284375 0.4828125 0.01484375 0.06484375
0 0.525 0.3625 0.0109375 0.04375
3 0.603125 0.28671875 0.00859375 0.0359375
3 0.4625 0.67421875 0.0203125 0.09140625
3 0.34609375 0.2875 0.0109375 0.0328125
3 0.54921875 0.246875 0.01015625 0.0265625
3 0.7671875 0.40390625 0.0125 0.0375