1 0.2078125 0.51953125 0.00625 0.0109375
3 0.29375 0.72109375 0.02421875 0.09453125
3 0.17421875 0.4953125 0.025 0.059375
3 0.6078125 0.37109375 0.0125 0.0546875
3 0.66875 0.36328125 0.0125 0.0578125
3 0.5015625 0.43828125 0.01484375 0.06484375
3 0.31015625 0.346875 0.015625 0.05625
3 0.69375 0.33984375 0.01171875 0.0515625
3 0.54296875 0.53984375 0.01484375 0.07890625
3 0.8046875 0.4296875 0.015625 0.06640625
3 0.54765625 0.32265625 0.01328125 0.04921875
3 0.63046875 0.3640625 0.0125 0.05234375
3 0.6265625 0.45546875 0.015625 0.05859375
3 0.75625 0.44140625 0.0140625 0.0625
3 0.43046875 0.4546875 0.01328125 0.06796875
3 0.6421875 0.2578125 0.01171875 0.040625
3 0.78125 0.51015625 0.01640625 0.0734375
0 0.58671875 0.4046875 0.0125 0.05390625
3 0.446875 0.27734375 0.01171875 0.040625
3 0.64609375 0.2953125 0.01015625 0.04609375