1 0.1921875 0.584375 0.00703125 0.01328125
3 0.44375 0.5515625 0.01640625 0.06484375
3 0.35078125 0.40078125 0.0140625 0.06328125
3 0.36640625 0.4 0.0140625 0.046875
2 0.15 0.3109375 0.01484375 0.0484375
3 0.1875 0.5578125 0.01953125 0.07109375
3 0.95078125 0.3328125 0.01484375 0.05078125
3 0.38046875 0.3109375 0.01328125 0.04765625
3 0.79609375 0.30859375 0.0109375 0.04375
0 0.46796875 0.40703125 0.01875 0.05703125
3 0.325 0.3375 0.0171875 0.0515625
3 0.95234375 0.4359375 0.01953125 0.0671875
3 0.42265625 0.44609375 0.01875 0.0625
3 0.684375 0.4375 0.03046875 0.06953125
3 0.41015625 0.3375 0.015625 0.04609375
3 0.3671875 0.32890625 0.01640625 0.046875
3 0.89609375 0.2890625 0.01171875 0.0453125
3 0.69921875 0.31875 0.01640625 0.04921875
3 0.1875 0.49609375 0.01875 0.0625
3 0.4875 0.271875 0.01796875 0.0453125
3 0.4640625 0.27421875 0.01171875 0.04140625
3 0.8640625 0.38203125 0.01796875 0.05859375
3 0.2109375 0.4578125 0.02578125 0.0640625