1 0.27421875 0.30625 0.0046875 0.009375
3 0.446875 0.53984375 0.01796875 0.0796875
3 0.6671875 0.33828125 0.0140625 0.0453125
3 0.9015625 0.5796875 0.0171875 0.08125
3 0.5265625 0.36953125 0.01328125 0.04765625
3 0.7015625 0.31875 0.0140625 0.04453125
3 0.203125 0.3125 0.0140625 0.046875
3 0.3421875 0.36171875 0.01171875 0.0453125
3 0.75546875 0.44765625 0.0140625 0.05234375
2 0.91640625 0.31484375 0.0109375 0.04609375
3 0.209375 0.43515625 0.01640625 0.0625
0 0.553125 0.3046875 0.01015625 0.03828125
3 0.61796875 0.2953125 0.0109375 0.03671875
3 0.33671875 0.26640625 0.01015625 0.0390625
3 0.38671875 0.32421875 0.0125 0.0421875
3 0.53828125 0.3234375 0.0109375 0.0375
3 0.59765625 0.27421875 0.0109375 0.03359375
3 0.51953125 0.2828125 0.01328125 0.03984375
3 0.57890625 0.27109375 0.01015625 0.0328125
3 0.515625 0.25859375 0.009375 0.02578125
3 0.546875 0.246875 0.0109375 0.028125
3 0.3765625 0.30234375 0.0109375 0.0421875
3 0.38125 0.26640625 0.0109375 0.028125