1 0.81015625 0.54765625 0.0046875 0.0109375
3 0.56171875 0.64921875 0.0140625 0.04765625
3 0.615625 0.40078125 0.01640625 0.028125
1 0.81015625 0.546875 0.00625 0.00703125
3 0.8546875 0.56328125 0.01015625 0.04609375
3 0.6515625 0.51640625 0.01015625 0.04140625
3 0.57578125 0.46953125 0.009375 0.03359375
3 0.31953125 0.47578125 0.01015625 0.0375
3 0.28125 0.540625 0.00859375 0.04140625
0 0.465625 0.50078125 0.0078125 0.0421875
3 0.68828125 0.50625 0.00859375 0.0375
3 0.7984375 0.5109375 0.01328125 0.0421875
3 0.44609375 0.5890625 0.01015625 0.0453125
3 0.18125 0.5328125 0.01328125 0.04375
3 0.26328125 0.625 0.0109375 0.046875
3 0.38125 0.4390625 0.0078125 0.0296875
3 0.75625 0.4640625 0.01015625 0.03828125
3 0.271875 0.4703125 0.01171875 0.0375
3 0.45390625 0.44140625 0.009375 0.03203125
3 0.37421875 0.515625 0.01328125 0.0421875
3 0.5421875 0.43671875 0.00859375 0.03125
3 0.23671875 0.77578125 0.015625 0.06640625
3 0.70078125 0.56875 0.0171875 0.0359375
2 0.965625 0.5 0.0078125 0.04140625