3 0.74921875 0.63203125 0.02265625 0.06328125
3 0.8 0.5515625 0.021875 0.05
1 0.58359375 0.3828125 0.00390625 0.00390625
3 0.75 0.6359375 0.01484375 0.0609375
3 0.584375 0.4390625 0.01484375 0.04296875
3 0.45390625 0.4453125 0.0125 0.04453125
3 0.68828125 0.4203125 0.0140625 0.03984375
3 0.48046875 0.4578125 0.01328125 0.04296875
3 0.37734375 0.52578125 0.0125 0.053125
3 0.11171875 0.60625 0.01875 0.059375
3 0.73828125 0.4046875 0.01484375 0.0375
3 0.6359375 0.38984375 0.01484375 0.03515625
3 0.53671875 0.38203125 0.0140625 0.03359375
3 0.6 0.3671875 0.0125 0.03515625
3 0.79609375 0.44609375 0.01328125 0.04765625
3 0.48984375 0.36484375 0.01484375 0.03515625
3 0.26640625 0.434375 0.015625 0.040625
3 0.6015625 0.6125 0.02109375 0.05625
3 0.2625 0.38046875 0.01875 0.0390625
3 0.58515625 0.41875 0.0125 0.02890625
3 0.57734375 0.34453125 0.0109375 0.03359375
3 0.4828125 0.365625 0.0125 0.0328125
0 0.65234375 0.4359375 0.0171875 0.04296875
2 0.034375 0.4671875 0.01328125 0.04765625