1 0.6453125 0.6109375 0.00546875 0.01015625
3 0.48046875 0.62109375 0.01171875 0.04765625
3 0.2703125 0.553125 0.01171875 0.04453125
3 0.40390625 0.521875 0.0109375 0.0390625
3 0.5984375 0.47421875 0.01015625 0.03203125
3 0.7875 0.59453125 0.0140625 0.0421875
3 0.3609375 0.446875 0.0109375 0.03203125
3 0.32421875 0.48515625 0.0109375 0.03828125
3 0.2359375 0.6609375 0.01171875 0.0484375
3 0.72734375 0.45859375 0.009375 0.03359375
3 0.4984375 0.43984375 0.009375 0.03046875
3 0.47421875 0.4671875 0.01015625 0.0359375
3 0.8375 0.5578125 0.01484375 0.03984375
3 0.80546875 0.521875 0.0109375 0.03828125
3 0.3140625 0.46328125 0.0109375 0.03515625
3 0.65546875 0.56875 0.0125 0.03125
3 0.68984375 0.7390625 0.01796875 0.0546875
3 0.65546875 0.58828125 0.01640625 0.04765625
3 0.57734375 0.4015625 0.01171875 0.03125
2 0.97890625 0.50859375 0.01328125 0.04375
3 0.26875 0.51796875 0.0109375 0.03359375
0 0.48671875 0.5140625 0.01015625 0.03984375
3 0.28359375 0.8078125 0.01796875 0.0671875
1 0.23828125 0.68125 0.00546875 0.0125