1 0.32578125 0.3921875 0.0046875 0.00859375
3 0.71796875 0.61484375 0.02109375 0.06640625
1 0.325 0.39140625 0.00546875 0.00625
3 0.54140625 0.44140625 0.0109375 0.04375
3 0.52265625 0.53671875 0.01484375 0.05625
3 0.75078125 0.525 0.01796875 0.0578125
3 0.64765625 0.62109375 0.01796875 0.059375
3 0.38125 0.38984375 0.0140625 0.03984375
3 0.78984375 0.42578125 0.0171875 0.04921875
3 0.81484375 0.48671875 0.015625 0.053125
3 0.6828125 0.4921875 0.015625 0.04453125
3 0.84453125 0.4390625 0.01171875 0.046875
3 0.34453125 0.50078125 0.01953125 0.04765625
2 0.03984375 0.4453125 0.0125 0.0390625
3 0.246875 0.4640625 0.021875 0.04453125
3 0.23984375 0.41015625 0.01484375 0.04140625
3 0.609375 0.3875 0.01015625 0.0375
3 0.33046875 0.3578125 0.01328125 0.034375
3 0.17890625 0.47109375 0.01796875 0.04921875
0 0.39296875 0.4625 0.01328125 0.0453125
3 0.2125 0.47578125 0.01484375 0.04296875
3 0.34453125 0.390625 0.01640625 0.0359375
3 0.3265625 0.4203125 0.01875 0.0390625