1 0.42734375 0.4203125 0.0078125 0.0125
3 0.71875 0.62578125 0.02109375 0.07421875
0 0.60703125 0.528125 0.02109375 0.05859375
3 0.5890625 0.5140625 0.0140625 0.05078125
2 0.1703125 0.4671875 0.02109375 0.0421875
3 0.71796875 0.6265625 0.0140625 0.06796875
3 0.296875 0.63828125 0.015625 0.065625
3 0.80390625 0.584375 0.01328125 0.06328125
3 0.66875 0.4203125 0.01171875 0.03984375
3 0.8734375 0.54765625 0.01484375 0.04765625
3 0.52265625 0.55625 0.01484375 0.0578125
3 0.3046875 0.5875 0.01640625 0.05625
3 0.478125 0.49609375 0.01484375 0.0546875
3 0.36953125 0.53359375 0.01953125 0.05234375
3 0.5265625 0.4546875 0.01015625 0.03828125
3 0.425 0.4828125 0.0234375 0.05078125
3 0.65546875 0.53046875 0.01640625 0.05078125
3 0.56328125 0.42734375 0.01796875 0.05078125
3 0.571875 0.3921875 0.0109375 0.034375
3 0.5390625 0.49921875 0.0171875 0.06015625
3 0.3671875 0.4890625 0.025 0.0421875
3 0.45625 0.46875 0.015625 0.04453125
3 0.4609375 0.43515625 0.01796875 0.03359375