1 0.825 0.54296875 0.00546875 0.0109375
3 0.27421875 0.73828125 0.015625 0.0546875
3 0.49921875 0.6265625 0.0109375 0.04765625
3 0.15390625 0.54921875 0.0109375 0.04375
3 0.83203125 0.52421875 0.015625 0.04140625
3 0.25234375 0.490625 0.01171875 0.0375
3 0.76484375 0.49609375 0.0109375 0.0390625
3 0.4765625 0.4421875 0.009375 0.03125
0 0.53671875 0.5125 0.0109375 0.040625
3 0.84296875 0.5703125 0.0140625 0.04609375
3 0.67109375 0.48359375 0.01015625 0.03359375
3 0.290625 0.6265625 0.0109375 0.046875
3 0.434375 0.59375 0.0109375 0.04140625
2 0.965625 0.5109375 0.01171875 0.03671875
3 0.6875 0.421875 0.0109375 0.0296875
3 0.315625 0.54609375 0.009375 0.04140625
3 0.72578125 0.57734375 0.009375 0.04140625
3 0.35546875 0.4859375 0.0109375 0.03671875
3 0.396875 0.525 0.01015625 0.0359375
3 0.56484375 0.47578125 0.00859375 0.03359375
3 0.7125 0.50625 0.0109375 0.0359375
3 0.4078125 0.44453125 0.00859375 0.03046875
3 0.615625 0.4515625 0.009375 0.0328125