1 0.74296875 0.403125 0.0046875 0.00859375
3 0.3765625 0.52421875 0.0140625 0.05234375
3 0.74140625 0.59609375 0.01875 0.0390625
3 0.41015625 0.4453125 0.0125 0.04296875
3 0.1984375 0.5578125 0.0203125 0.05078125
3 0.2953125 0.3953125 0.01015625 0.03515625
3 0.6484375 0.44609375 0.01640625 0.03828125
3 0.72890625 0.40703125 0.0140625 0.03359375
3 0.72109375 0.61328125 0.0234375 0.0515625
3 0.49296875 0.446875 0.01171875 0.034375
3 0.80625 0.42734375 0.01328125 0.0375
3 0.49140625 0.3765625 0.0109375 0.034375
3 0.80546875 0.52578125 0.02265625 0.04921875
3 0.63984375 0.4234375 0.015625 0.03671875
3 0.3015625 0.43515625 0.01328125 0.03515625
3 0.60234375 0.371875 0.01328125 0.02890625
3 0.565625 0.36796875 0.01015625 0.02890625
3 0.47421875 0.38671875 0.0140625 0.02890625
3 0.73515625 0.3828125 0.0140625 0.02734375
3 0.7015625 0.371875 0.0109375 0.028125
3 0.4796875 0.36328125 0.01484375 0.02265625
0 0.6484375 0.42265625 0.0171875 0.025