1 0.39765625 0.3796875 0.0046875 0.00859375
3 0.67734375 0.66015625 0.025 0.0703125
3 0.73671875 0.5265625 0.0171875 0.0609375
3 0.70859375 0.50546875 0.01484375 0.06328125
3 0.56171875 0.57109375 0.0171875 0.0609375
3 0.78359375 0.6546875 0.01875 0.06953125
3 0.3546875 0.55859375 0.01953125 0.05546875
3 0.178125 0.5796875 0.0171875 0.05546875
3 0.1859375 0.50078125 0.02109375 0.05234375
3 0.8609375 0.45625 0.0171875 0.0484375
3 0.246875 0.5640625 0.0203125 0.05703125
3 0.64140625 0.36875 0.0171875 0.0375
3 0.38671875 0.390625 0.0125 0.04140625
3 0.21875 0.4265625 0.01640625 0.04609375
3 0.365625 0.45 0.01953125 0.04921875
3 0.784375 0.478125 0.01328125 0.05234375
0 0.446875 0.48125 0.0140625 0.05390625
3 0.80390625 0.428125 0.01484375 0.046875
3 0.23671875 0.503125 0.0234375 0.05625
3 0.58515625 0.4515625 0.01015625 0.04453125
3 0.40859375 0.36328125 0.01328125 0.034375
3 0.365625 0.3625 0.015625 0.034375