1 0.85546875 0.5453125 0.0046875 0.01015625
3 0.3921875 0.6421875 0.02421875 0.075
3 0.8875 0.55 0.01953125 0.0328125
3 0.728125 0.440625 0.01640625 0.04609375
3 0.44765625 0.43515625 0.01015625 0.046875
3 0.16953125 0.52890625 0.01640625 0.0578125
3 0.7375 0.540625 0.01171875 0.05
3 0.28046875 0.66875 0.02109375 0.0703125
3 0.67890625 0.5875 0.0140625 0.0578125
3 0.6453125 0.68046875 0.015625 0.0703125
3 0.32421875 0.37890625 0.01171875 0.040625
3 0.46484375 0.57734375 0.0125 0.05625
3 0.54375 0.54609375 0.0125 0.05546875
3 0.80546875 0.61015625 0.015625 0.059375
3 0.5828125 0.37265625 0.0109375 0.040625
3 0.6546875 0.39296875 0.0109375 0.04296875
0 0.5609375 0.490625 0.01484375 0.0515625
3 0.62890625 0.440625 0.01171875 0.0421875
3 0.83671875 0.60703125 0.0140625 0.0546875
3 0.66484375 0.60078125 0.0140625 0.0546875
3 0.884375 0.60546875 0.0140625 0.0515625
3 0.88125 0.57890625 0.01484375 0.04765625
2 0.86328125 0.3875 0.0140625 0.03984375