1 0.25625 0.5578125 0.00625 0.01015625
3 0.8234375 0.728125 0.02578125 0.05703125
3 0.33671875 0.475 0.0125 0.04375
3 0.225 0.38359375 0.01171875 0.0390625
3 0.46171875 0.38125 0.0109375 0.02890625
3 0.60390625 0.43515625 0.0125 0.04296875
3 0.225 0.46875 0.01640625 0.04453125
3 0.5578125 0.3375 0.01015625 0.034375
3 0.6203125 0.4015625 0.0109375 0.0359375
3 0.4640625 0.39609375 0.0109375 0.03515625
3 0.2375 0.56484375 0.01796875 0.053125
3 0.57109375 0.30234375 0.009375 0.02890625
3 0.49453125 0.3765625 0.0109375 0.0359375
3 0.74140625 0.5390625 0.01171875 0.0328125
3 0.6453125 0.4109375 0.01171875 0.0296875
3 0.546875 0.60703125 0.01796875 0.046875
3 0.5265625 0.48125 0.01171875 0.03671875
3 0.665625 0.44765625 0.01328125 0.03984375
3 0.43359375 0.334375 0.00859375 0.03125
3 0.5875 0.35546875 0.0109375 0.034375
0 0.478125 0.3921875 0.01015625 0.02734375
2 0.925 0.415625 0.01484375 0.0421875
3 0.54375 0.58984375 0.0125 0.0296875