3 0.08515625 0.5484375 0.02109375 0.0859375
2 0.74375 0.4296875 0.02578125 0.03671875
1 0.60859375 0.3734375 0.003125 0.00390625
3 0.43828125 0.5234375 0.0171875 0.07734375
3 0.2328125 0.33203125 0.01484375 0.05546875
3 0.36171875 0.38203125 0.01484375 0.04921875
3 0.6359375 0.38671875 0.0171875 0.040625
0 0.25078125 0.34765625 0.0171875 0.05859375
3 0.38125 0.465625 0.01171875 0.0671875
3 0.54765625 0.38046875 0.0125 0.04921875
3 0.51484375 0.4828125 0.01640625 0.06171875
3 0.6953125 0.44453125 0.025 0.05
3 0.47734375 0.36953125 0.025 0.05703125
3 0.7328125 0.51484375 0.02109375 0.0703125
3 0.6734375 0.48828125 0.02265625 0.05859375
3 0.58046875 0.4421875 0.01875 0.053125
3 0.58046875 0.4890625 0.025 0.05859375
3 0.61953125 0.425 0.021875 0.05234375
3 0.72109375 0.56328125 0.025 0.09296875
3 0.7359375 0.459375 0.0171875 0.05390625
3 0.7625 0.48046875 0.0171875 0.053125