1 0.7453125 0.31484375 0.00546875 0.0109375
3 0.43046875 0.8875 0.0234375 0.10625
3 0.51640625 0.31640625 0.009375 0.0484375
0 0.4765625 0.4328125 0.021875 0.05390625
3 0.80625 0.4796875 0.015625 0.0703125
3 0.5765625 0.23984375 0.01015625 0.0421875
3 0.375 0.34453125 0.0140625 0.05546875
3 0.27421875 0.55546875 0.01953125 0.07265625
3 0.39296875 0.51640625 0.015625 0.06875
3 0.78203125 0.2828125 0.01484375 0.05078125
3 0.44765625 0.36796875 0.01328125 0.05546875
3 0.7125 0.35703125 0.015625 0.05546875
3 0.5078125 0.56796875 0.01484375 0.07109375
3 0.39453125 0.290625 0.0140625 0.05078125
3 0.63359375 0.37421875 0.01171875 0.0546875
3 0.63125 0.44375 0.01484375 0.0625
3 0.31796875 0.43515625 0.01484375 0.0609375
3 0.4640625 0.35234375 0.0109375 0.04921875
3 0.35 0.46171875 0.0171875 0.0625
3 0.5953125 0.1796875 0.0109375 0.03125
3 0.3421875 0.40078125 0.01328125 0.05078125