1 0.69140625 0.2578125 0.0046875 0.009375
3 0.44140625 0.684375 0.021875 0.0796875
3 0.52578125 0.509375 0.0203125 0.06171875
0 0.53046875 0.3578125 0.01171875 0.05546875
3 0.7640625 0.30859375 0.0140625 0.05390625
3 0.878125 0.415625 0.015625 0.065625
3 0.425 0.43203125 0.01328125 0.059375
3 0.3609375 0.34296875 0.01171875 0.05546875
3 0.528125 0.2875 0.01015625 0.046875
3 0.64140625 0.21328125 0.01015625 0.0375
3 0.5578125 0.365625 0.01171875 0.04921875
3 0.39375 0.3328125 0.01171875 0.05703125
3 0.34296875 0.39765625 0.0140625 0.0625
3 0.2953125 0.45234375 0.01328125 0.0640625
3 0.55859375 0.2765625 0.0109375 0.04609375
3 0.69609375 0.2390625 0.01171875 0.03671875
3 0.55 0.23984375 0.01328125 0.0421875
3 0.66484375 0.25234375 0.0140625 0.04296875
3 0.4296875 0.2671875 0.01015625 0.0328125
2 0.03125 0.33359375 0.01328125 0.0515625
3 0.69375 0.271875 0.01484375 0.0453125
3 0.61015625 0.18046875 0.0109375 0.02578125