1 0.53203125 0.30625 0.0046875 0.009375
3 0.08359375 0.47890625 0.02578125 0.059375
2 0.95234375 0.434375 0.028125 0.06328125
3 0.08515625 0.48125 0.015625 0.06328125
3 0.41796875 0.4828125 0.02265625 0.06796875
3 0.428125 0.3765625 0.01484375 0.053125
3 0.5984375 0.33203125 0.0109375 0.0421875
3 0.89296875 0.46484375 0.01796875 0.06015625
3 0.67578125 0.528125 0.0234375 0.0703125
3 0.55546875 0.48671875 0.01953125 0.065625
3 0.4421875 0.30625 0.0140625 0.0421875
3 0.50234375 0.2984375 0.0125 0.040625
3 0.71640625 0.35859375 0.00859375 0.028125
3 0.6390625 0.421875 0.0109375 0.03671875
3 0.4734375 0.3953125 0.0140625 0.0578125
3 0.73828125 0.359375 0.0109375 0.034375
3 0.80859375 0.5109375 0.0171875 0.06328125
3 0.82734375 0.4015625 0.01015625 0.0296875
3 0.54375 0.29375 0.01171875 0.0390625
3 0.64140625 0.4390625 0.0171875 0.05234375
3 0.6921875 0.3921875 0.01328125 0.04296875
3 0.81875 0.46328125 0.009375 0.040625
3 0.7359375 0.390625 0.01171875 0.0328125
3 0.9125 0.4796875 0.02421875 0.0625
3 0.7359375 0.40859375 0.01875 0.0453125
0 0.44375 0.36171875 0.01171875 0.0375