3 0.4203125 0.51171875 0.0140625 0.0578125
1 0.25546875 0.5359375 0.0046875 0.0046875
3 0.41875 0.59609375 0.0125 0.0578125
3 0.4546875 0.528125 0.015625 0.04609375
0 0.6546875 0.40625 0.01015625 0.03984375
3 0.64296875 0.50859375 0.01015625 0.04375
3 0.86796875 0.52734375 0.0109375 0.053125
3 0.8546875 0.58125 0.0140625 0.05546875
3 0.615625 0.43125 0.0125 0.040625
3 0.20390625 0.44765625 0.0109375 0.0421875
3 0.3140625 0.43046875 0.0125 0.034375
3 0.7703125 0.39296875 0.0078125 0.03359375
3 0.40703125 0.3703125 0.009375 0.0359375
2 0.0796875 0.45859375 0.015625 0.0390625
3 0.8234375 0.4328125 0.009375 0.03828125
3 0.746875 0.40546875 0.009375 0.03515625
3 0.3421875 0.39609375 0.01015625 0.03984375
3 0.52109375 0.37421875 0.0078125 0.028125
3 0.4328125 0.43359375 0.009375 0.04453125
3 0.821875 0.53046875 0.01328125 0.05625
3 0.6203125 0.4203125 0.00859375 0.0359375
3 0.59453125 0.3453125 0.0078125 0.02578125
3 0.471875 0.625 0.02265625 0.06640625