1 0.0953125 0.51875 0.00546875 0.0125
3 0.409375 0.50390625 0.0140625 0.04453125
3 0.4109375 0.50859375 0.015625 0.053125
3 0.4703125 0.3734375 0.0109375 0.0375
3 0.47109375 0.6171875 0.0109375 0.06796875
3 0.65390625 0.52734375 0.0109375 0.05
3 0.80546875 0.41328125 0.02265625 0.0546875
3 0.58203125 0.5734375 0.0125 0.05546875
3 0.63046875 0.43828125 0.009375 0.0390625
3 0.5640625 0.38203125 0.009375 0.03359375
3 0.20078125 0.4671875 0.0125 0.0375
0 0.65390625 0.415625 0.01328125 0.03125
3 0.86640625 0.5359375 0.01328125 0.05078125
3 0.2453125 0.47109375 0.0109375 0.0484375
3 0.68515625 0.44140625 0.0109375 0.040625
3 0.8453125 0.56328125 0.01328125 0.05859375
3 0.8421875 0.4390625 0.0125 0.03671875
3 0.46953125 0.45 0.0109375 0.0359375
3 0.8890625 0.6140625 0.0140625 0.05
3 0.31953125 0.39609375 0.01015625 0.03515625
3 0.5984375 0.68828125 0.0171875 0.078125
2 0.084375 0.4921875 0.0140625 0.04296875
3 0.653125 0.35390625 0.01171875 0.0296875