3 0.2515625 0.40859375 0.01796875 0.0484375
3 0.14140625 0.3125 0.015625 0.03828125
3 0.465625 0.32578125 0.0203125 0.03828125
3 0.35078125 0.27890625 0.00703125 0.0359375
3 0.36171875 0.2828125 0.01171875 0.02734375
3 0.47109375 0.26796875 0.0171875 0.02890625
1 0.4 0.3765625 0.00625 0.00703125
3 0.46953125 0.27109375 0.00703125 0.0265625
3 0.3578125 0.28359375 0.009375 0.02890625
3 0.3484375 0.28046875 0.00859375 0.0265625
3 0.465625 0.32890625 0.01015625 0.0390625
3 0.140625 0.3203125 0.0078125 0.03125
3 0.15625 0.3140625 0.009375 0.03125
3 0.12890625 0.39296875 0.01171875 0.04375
3 0.65 0.3265625 0.0109375 0.04375
3 0.4765625 0.303125 0.00859375 0.03125
3 0.66484375 0.34375 0.0109375 0.03828125
0 0.44140625 0.32109375 0.01015625 0.03359375
3 0.58515625 0.29296875 0.0078125 0.03203125
3 0.31328125 0.29375 0.009375 0.0296875
3 0.11953125 0.35703125 0.0109375 0.0359375
3 0.5484375 0.29140625 0.009375 0.03125
2 0.8578125 0.31796875 0.0125 0.03828125
3 0.43984375 0.34375 0.01171875 0.03515625
3 0.51171875 0.2796875 0.0078125 0.02734375
3 0.6671875 0.315625 0.00859375 0.0265625
3 0.44453125 0.29921875 0.00859375 0.025