1 0.48359375 0.29921875 0.0046875 0.0078125
3 0.33203125 0.3796875 0.009375 0.03984375
3 0.8 0.4390625 0.0125 0.0546875
3 0.56484375 0.3234375 0.0078125 0.03046875
3 0.6828125 0.32265625 0.0078125 0.02578125
3 0.76875 0.340625 0.01015625 0.034375
3 0.81484375 0.45625 0.01171875 0.05234375
3 0.26484375 0.3734375 0.0125 0.04140625
3 0.8 0.34765625 0.0078125 0.0375
3 0.4421875 0.3125 0.00703125 0.02421875
3 0.34609375 0.32578125 0.0078125 0.02734375
3 0.86640625 0.41015625 0.01015625 0.04296875
3 0.3625 0.353125 0.0140625 0.03359375
3 0.38828125 0.3265625 0.01015625 0.03359375
3 0.296875 0.34765625 0.01171875 0.03359375
3 0.32734375 0.328125 0.009375 0.03515625
3 0.46328125 0.29296875 0.009375 0.0171875
3 0.34140625 0.34609375 0.01015625 0.03125
3 0.50078125 0.3140625 0.00859375 0.0265625
3 0.47578125 0.2953125 0.00859375 0.02734375
3 0.5 0.3625 0.01015625 0.03359375
2 0.19765625 0.34609375 0.009375 0.03203125
0 0.5015625 0.334375 0.009375 0.02578125