1 0.70703125 0.41484375 0.0046875 0.0078125
3 0.5640625 0.67421875 0.02109375 0.06171875
0 0.3671875 0.490625 0.009375 0.03671875
3 0.6671875 0.5703125 0.0109375 0.04765625
3 0.2640625 0.68671875 0.01640625 0.05859375
3 0.221875 0.56875 0.0109375 0.053125
3 0.6234375 0.45703125 0.0125 0.040625
3 0.44453125 0.40859375 0.01015625 0.0359375
3 0.53203125 0.51171875 0.0109375 0.04140625
3 0.2546875 0.47421875 0.01015625 0.0390625
3 0.85625 0.609375 0.0125 0.0546875
3 0.28203125 0.396875 0.01015625 0.03984375
3 0.35078125 0.5625 0.0109375 0.0484375
3 0.74140625 0.75078125 0.01015625 0.05859375
3 0.7046875 0.38984375 0.009375 0.03359375
3 0.190625 0.6125 0.0125 0.05234375
3 0.40234375 0.4375 0.01015625 0.04140625
3 0.27578125 0.575 0.01015625 0.04609375
3 0.28671875 0.46484375 0.01015625 0.0390625
3 0.35 0.70078125 0.01328125 0.05234375
2 0.878125 0.45 0.01015625 0.034375
3 0.41796875 0.378125 0.0078125 0.03359375
3 0.41015625 0.3265625 0.01015625 0.03046875