1 0.26875 0.3796875 0.00546875 0.01171875
3 0.1203125 0.5359375 0.01796875 0.0640625
3 0.11875 0.5453125 0.0140625 0.04375
1 0.26953125 0.3796875 0.00546875 0.00625
0 0.63046875 0.38828125 0.0109375 0.03828125
3 0.76875 0.37421875 0.0109375 0.03984375
3 0.72578125 0.45703125 0.0140625 0.03984375
3 0.3046875 0.440625 0.0125 0.0453125
3 0.6296875 0.565625 0.01328125 0.046875
3 0.7453125 0.3609375 0.0109375 0.0359375
3 0.74453125 0.571875 0.015625 0.053125
3 0.58125 0.325 0.00859375 0.03203125
3 0.665625 0.3921875 0.0125 0.040625
3 0.7859375 0.47421875 0.0125 0.05
3 0.45 0.434375 0.0140625 0.04609375
3 0.69609375 0.51796875 0.01328125 0.05546875
3 0.459375 0.39375 0.01015625 0.03828125
3 0.73515625 0.34140625 0.00859375 0.03203125
2 0.19375 0.39609375 0.015625 0.04140625
3 0.51875 0.5890625 0.0125 0.053125
3 0.71171875 0.6 0.01796875 0.0609375
3 0.43671875 0.82890625 0.02734375 0.0671875
3 0.6703125 0.35390625 0.009375 0.0328125
3 0.303125 0.31484375 0.01171875 0.0328125