1 0.86875 0.5328125 0.00234375 0.003125
3 0.621875 0.615625 0.01484375 0.05390625
3 0.52265625 0.5640625 0.0125 0.05390625
3 0.7046875 0.53984375 0.01328125 0.046875
3 0.6375 0.70234375 0.0140625 0.0625
3 0.53671875 0.4234375 0.0109375 0.03828125
3 0.8609375 0.60078125 0.01953125 0.04921875
3 0.62421875 0.56015625 0.01640625 0.04921875
3 0.34296875 0.59609375 0.0140625 0.0546875
3 0.5875 0.4109375 0.01328125 0.0359375
3 0.2546875 0.725 0.01484375 0.06640625
3 0.2296875 0.54140625 0.01484375 0.05234375
3 0.33125 0.4375 0.0109375 0.03828125
3 0.60234375 0.68125 0.0125 0.05859375
3 0.6859375 0.62421875 0.01640625 0.0515625
3 0.4265625 0.36875 0.009375 0.028125
3 0.659375 0.52109375 0.0140625 0.0453125
3 0.70390625 0.46796875 0.01796875 0.0421875
0 0.490625 0.50703125 0.01328125 0.046875
3 0.5125 0.3890625 0.0125 0.03203125
3 0.7953125 0.55390625 0.01953125 0.04765625
2 0.8453125 0.4296875 0.015625 0.028125
3 0.2578125 0.79375 0.015625 0.0765625