1 0.26328125 0.290625 0.0046875 0.009375
3 0.296875 0.26171875 0.0171875 0.04140625
3 0.69609375 0.36484375 0.0125 0.0484375
3 0.66875 0.3953125 0.01875 0.0578125
3 0.2953125 0.4203125 0.0125 0.05703125
0 0.52734375 0.33671875 0.01640625 0.04921875
3 0.70390625 0.4140625 0.01640625 0.05703125
3 0.0421875 0.46328125 0.015625 0.06328125
3 0.4453125 0.5546875 0.0140625 0.06796875
3 0.29453125 0.6953125 0.0359375 0.08125
3 0.4078125 0.29140625 0.0109375 0.04296875
3 0.56953125 0.2796875 0.01171875 0.0375
3 0.321875 0.27578125 0.01015625 0.03515625
3 0.5453125 0.253125 0.01171875 0.0296875
3 0.071875 0.31328125 0.0125 0.04765625
3 0.559375 0.31640625 0.009375 0.0328125
3 0.61875 0.29140625 0.0109375 0.04140625
3 0.4671875 0.29765625 0.0140625 0.040625
3 0.37890625 0.36328125 0.01796875 0.04375
3 0.3234375 0.32265625 0.01640625 0.0390625
3 0.57109375 0.253125 0.00859375 0.0234375
3 0.56015625 0.34453125 0.01171875 0.03984375