1 0.7578125 0.753125 0.00625 0.0125
3 0.70703125 0.6796875 0.0203125 0.04765625
3 0.7640625 0.71015625 0.02109375 0.05625
2 0.85546875 0.4359375 0.025 0.0453125
3 0.2875 0.48125 0.0140625 0.04609375
0 0.378125 0.50078125 0.0203125 0.0234375
1 0.75703125 0.7515625 0.00625 0.009375
3 0.29453125 0.4015625 0.009375 0.03359375
3 0.3046875 0.4671875 0.0125 0.0359375
3 0.59765625 0.47734375 0.0109375 0.0359375
3 0.31796875 0.634375 0.025 0.053125
3 0.58203125 0.46484375 0.01015625 0.03828125
3 0.78828125 0.5390625 0.02265625 0.053125
3 0.45390625 0.434375 0.00859375 0.0328125
3 0.6234375 0.4015625 0.0109375 0.03515625
3 0.46015625 0.39375 0.0109375 0.0296875
3 0.2 0.425 0.0109375 0.03671875
3 0.146875 0.50703125 0.0140625 0.04140625
3 0.471875 0.3765625 0.00859375 0.0265625
3 0.09765625 0.540625 0.021875 0.046875
3 0.93046875 0.553125 0.02109375 0.04921875
3 0.590625 0.471875 0.03046875 0.0625
1 0.46015625 0.40546875 0.003125 0.003125
3 0.31015625 0.61015625 0.015625 0.034375
1 0.29453125 0.415625 0.00546875 0.00703125
3 0.3875 0.5328125 0.01875 0.04296875