3 0.6875 0.421875 0.02578125 0.03515625
1 0.73203125 0.42578125 0.0046875 0.0078125
3 0.63359375 0.5609375 0.02109375 0.053125
3 0.2328125 0.44765625 0.0203125 0.0359375
3 0.21015625 0.52421875 0.025 0.05234375
3 0.30078125 0.409375 0.0140625 0.03359375
3 0.3265625 0.4046875 0.015625 0.03203125
3 0.453125 0.440625 0.01484375 0.03671875
3 0.48203125 0.45625 0.0140625 0.04609375
3 0.5703125 0.41640625 0.01171875 0.03984375
3 0.62109375 0.45703125 0.015625 0.034375
3 0.73203125 0.403125 0.00859375 0.0234375
2 0.92421875 0.425 0.02109375 0.03828125
3 0.840625 0.509375 0.0265625 0.03359375
3 0.846875 0.47578125 0.01953125 0.03203125
3 0.77109375 0.4359375 0.0140625 0.04296875
0 0.67109375 0.4078125 0.01171875 0.0359375
1 0.7328125 0.425 0.0046875 0.00546875
3 0.71640625 0.4859375 0.01328125 0.04140625
1 0.30703125 0.48046875 0.00546875 0.00546875
3 0.3015625 0.46328125 0.015625 0.04140625
3 0.23125 0.4109375 0.009375 0.0296875
3 0.18671875 0.49375 0.0140625 0.04453125