3 0.6375 0.55859375 0.025 0.06875
3 0.29296875 0.4578125 0.01796875 0.053125
3 0.22578125 0.38984375 0.015625 0.04765625
3 0.13671875 0.440625 0.0203125 0.0515625
3 0.3546875 0.40625 0.021875 0.05078125
3 0.55 0.346875 0.0203125 0.0390625
3 0.58359375 0.34453125 0.01796875 0.03984375
1 0.7328125 0.3734375 0.00546875 0.00625
3 0.6359375 0.559375 0.0140625 0.06328125
3 0.81953125 0.4765625 0.01171875 0.05546875
3 0.6359375 0.446875 0.0125 0.05546875
3 0.47890625 0.52578125 0.01875 0.05703125
3 0.14296875 0.5140625 0.015625 0.0609375
3 0.103125 0.50625 0.01484375 0.0609375
3 0.32265625 0.50546875 0.01171875 0.05859375
3 0.290625 0.41171875 0.0109375 0.04296875
0 0.44921875 0.43359375 0.009375 0.046875
2 0.85546875 0.37265625 0.0125 0.04375
3 0.53828125 0.40234375 0.01015625 0.046875
3 0.4796875 0.38359375 0.009375 0.04140625
3 0.73515625 0.35703125 0.0109375 0.03984375