1 0.12734375 0.53203125 0.0046875 0.0109375
3 0.65625 0.5609375 0.0109375 0.04296875
3 0.375 0.49296875 0.01015625 0.034375
3 0.74296875 0.54765625 0.01015625 0.040625
3 0.6890625 0.44140625 0.00859375 0.02734375
3 0.4734375 0.509375 0.00859375 0.0328125
3 0.5296875 0.44453125 0.0078125 0.03125
2 0.12734375 0.53046875 0.0125 0.034375
0 0.415625 0.52109375 0.0109375 0.034375
3 0.2953125 0.47421875 0.01015625 0.0328125
3 0.61796875 0.51640625 0.00859375 0.0296875
3 0.21640625 0.60234375 0.0109375 0.0421875
3 0.1078125 0.5578125 0.01015625 0.0390625
3 0.75859375 0.69296875 0.01484375 0.059375
3 0.43046875 0.47734375 0.009375 0.03046875
3 0.771875 0.48046875 0.0109375 0.03671875
3 0.92578125 0.62734375 0.01171875 0.0390625
3 0.39765625 0.584375 0.00859375 0.0453125
3 0.43046875 0.43828125 0.00859375 0.02890625
3 0.92734375 0.61015625 0.01015625 0.034375
3 0.703125 0.44140625 0.00859375 0.028125
3 0.87109375 0.61171875 0.01328125 0.046875
2 0.21796875 0.6890625 0.0125 0.0546875
3 0.61796875 0.715625 0.01875 0.0546875