1 0.15703125 0.5890625 0.0078125 0.01328125
3 0.38671875 0.55703125 0.01640625 0.0390625
3 0.6921875 0.54453125 0.00859375 0.03828125
3 0.6453125 0.5578125 0.0109375 0.0375
3 0.74375 0.49296875 0.01015625 0.0359375
0 0.5171875 0.49375 0.00859375 0.03203125
3 0.14296875 0.56953125 0.01328125 0.03671875
3 0.69453125 0.44765625 0.0109375 0.03125
3 0.43203125 0.48984375 0.01015625 0.034375
3 0.309375 0.46875 0.01015625 0.03515625
3 0.4796875 0.42421875 0.00859375 0.02734375
3 0.46484375 0.52421875 0.01015625 0.034375
3 0.53203125 0.44453125 0.009375 0.03203125
3 0.63203125 0.5078125 0.009375 0.034375
2 0.15703125 0.5125 0.009375 0.0375
3 0.85859375 0.6140625 0.0125 0.05234375
3 0.4640625 0.4625 0.0109375 0.0296875
3 0.76875 0.5796875 0.0109375 0.03828125
3 0.728125 0.6640625 0.009375 0.0546875
3 0.32578125 0.61328125 0.009375 0.04609375
3 0.58671875 0.71015625 0.01171875 0.05625
3 0.284375 0.696875 0.0109375 0.0546875