3 0.3953125 0.6484375 0.015625 0.0640625
1 0.41875 0.6765625 0.00625 0.0125
3 0.57109375 0.49765625 0.015625 0.05
3 0.6046875 0.33984375 0.01015625 0.03359375
0 0.415625 0.49375 0.0109375 0.0421875
3 0.3734375 0.621875 0.0171875 0.046875
3 0.775 0.45625 0.0140625 0.05703125
3 0.4890625 0.41640625 0.0109375 0.03984375
3 0.29140625 0.4734375 0.0109375 0.03828125
3 0.19765625 0.640625 0.01796875 0.0515625
3 0.3375 0.4140625 0.01171875 0.0375
3 0.31484375 0.46328125 0.0140625 0.0390625
3 0.21171875 0.50546875 0.0140625 0.0375
3 0.2015625 0.6046875 0.01171875 0.040625
3 0.446875 0.346875 0.00859375 0.028125
3 0.21875 0.65 0.0140625 0.0515625
3 0.6890625 0.5890625 0.0109375 0.046875
3 0.1890625 0.5953125 0.01015625 0.034375
3 0.4453125 0.44609375 0.009375 0.03671875
2 0.25078125 0.34921875 0.0125 0.03515625
3 0.3390625 0.39765625 0.0078125 0.02265625
3 0.7796875 0.71953125 0.01875 0.06640625