3 0.7109375 0.61015625 0.015625 0.065625
1 0.89296875 0.5140625 0.00703125 0.0078125
3 0.29453125 0.47734375 0.0140625 0.05390625
3 0.55625 0.46796875 0.01328125 0.05625
3 0.77578125 0.6203125 0.01640625 0.0671875
3 0.71953125 0.415625 0.01171875 0.0484375
3 0.2890625 0.68125 0.021875 0.07578125
3 0.50703125 0.3546875 0.0109375 0.040625
3 0.39453125 0.33125 0.00859375 0.0375
3 0.371875 0.51640625 0.01640625 0.05625
3 0.9203125 0.46796875 0.01953125 0.05546875
3 0.37734375 0.38828125 0.0125 0.04765625
3 0.5203125 0.50078125 0.0125 0.0515625
3 0.67734375 0.27109375 0.00703125 0.02890625
3 0.421875 0.2703125 0.0125 0.03515625
3 0.3703125 0.3453125 0.0109375 0.03984375
3 0.4375 0.50078125 0.0125 0.05234375
3 0.51875 0.38125 0.01015625 0.04375
2 0.13671875 0.35546875 0.0140625 0.0421875
3 0.4078125 0.3921875 0.01171875 0.03984375
3 0.453125 0.21328125 0.00625 0.025
0 0.38515625 0.47578125 0.01640625 0.05234375
3 0.41015625 0.85625 0.01796875 0.07578125