1 0.74140625 0.4875 0.0046875 0.009375
3 0.69609375 0.66015625 0.015625 0.0671875
3 0.37890625 0.5375 0.0109375 0.04921875
3 0.30859375 0.5328125 0.0140625 0.0453125
3 0.5375 0.42890625 0.01015625 0.0375
3 0.3578125 0.43515625 0.01171875 0.03984375
3 0.70078125 0.3125 0.00703125 0.02421875
3 0.48984375 0.59765625 0.0140625 0.053125
3 0.5734375 0.36171875 0.00859375 0.03125
3 0.41796875 0.3640625 0.00859375 0.03359375
3 0.37265625 0.42265625 0.009375 0.0375
2 0.2390625 0.3734375 0.0125 0.0375
3 0.46875 0.409375 0.009375 0.03671875
3 0.553125 0.365625 0.0078125 0.02734375
3 0.709375 0.415625 0.00859375 0.0359375
3 0.728125 0.5140625 0.01328125 0.03671875
3 0.39609375 0.40078125 0.0109375 0.0390625
0 0.3984375 0.4796875 0.009375 0.040625
3 0.20859375 0.753125 0.01640625 0.059375
3 0.46484375 0.2953125 0.00859375 0.03203125
3 0.7921875 0.42890625 0.0140625 0.04140625
3 0.4046875 0.390625 0.009375 0.03515625
3 0.50234375 0.2734375 0.0109375 0.02890625