1 0.1640625 0.6265625 0.009375 0.009375
3 0.33125 0.5734375 0.0171875 0.053125
3 0.79375 0.425 0.0109375 0.04140625
0 0.44453125 0.484375 0.0109375 0.04375
3 0.8046875 0.6296875 0.025 0.05703125
3 0.74375 0.58984375 0.0109375 0.05234375
3 0.3515625 0.6328125 0.01484375 0.053125
3 0.32265625 0.4546875 0.0109375 0.03984375
3 0.30546875 0.44140625 0.009375 0.03671875
3 0.60234375 0.321875 0.009375 0.03125
3 0.6234375 0.5 0.01171875 0.0453125
3 0.61640625 0.49375 0.009375 0.0375
3 0.4796875 0.36171875 0.00859375 0.03203125
3 0.4703125 0.3390625 0.0078125 0.02578125
3 0.18671875 0.51875 0.01015625 0.03828125
3 0.44453125 0.42890625 0.01015625 0.03984375
3 0.33515625 0.403125 0.009375 0.0375
3 0.34453125 0.403125 0.0109375 0.0359375
2 0.26875 0.34375 0.009375 0.03671875
3 0.17265625 0.63046875 0.01875 0.0421875
3 0.15078125 0.60234375 0.01015625 0.03203125
3 0.1671875 0.59921875 0.0109375 0.02578125