3 0.403125 0.50703125 0.0140625 0.05625
1 0.84375 0.46640625 0.00390625 0.00390625
3 0.25703125 0.396875 0.00859375 0.04140625
0 0.3265625 0.4234375 0.0125 0.04765625
3 0.453125 0.659375 0.01484375 0.06875
3 0.18984375 0.64921875 0.0171875 0.071875
3 0.25390625 0.49296875 0.01171875 0.053125
3 0.18984375 0.37734375 0.0125 0.03984375
3 0.12421875 0.5421875 0.01796875 0.0640625
3 0.4296875 0.4234375 0.0125 0.05078125
3 0.228125 0.48515625 0.0140625 0.05625
3 0.603125 0.309375 0.00859375 0.0328125
3 0.17265625 0.56015625 0.0125 0.0546875
3 0.88125 0.45625 0.01484375 0.04375
3 0.4125 0.3515625 0.01015625 0.0421875
2 0.79609375 0.3640625 0.0109375 0.03984375
3 0.41953125 0.42578125 0.01015625 0.04453125
3 0.128125 0.39296875 0.01328125 0.046875
3 0.11640625 0.47734375 0.01484375 0.06171875
3 0.20390625 0.33515625 0.01015625 0.03671875
3 0.3265625 0.2984375 0.00859375 0.02734375
3 0.22265625 0.41171875 0.01015625 0.0453125