3 0.76875 0.503125 0.01328125 0.05078125
1 0.759375 0.36484375 0.00625 0.00703125
3 0.53046875 0.46015625 0.0125 0.0453125
3 0.725 0.45625 0.01171875 0.0421875
3 0.459375 0.475 0.0171875 0.05390625
3 0.30390625 0.428125 0.01328125 0.0453125
3 0.596875 0.475 0.015625 0.05078125
3 0.3453125 0.42890625 0.01015625 0.04296875
3 0.27421875 0.56640625 0.015625 0.0640625
3 0.7703125 0.44453125 0.0171875 0.04296875
3 0.63828125 0.4078125 0.0140625 0.03828125
3 0.80390625 0.45078125 0.0140625 0.040625
3 0.41953125 0.56328125 0.0140625 0.06640625
3 0.678125 0.3921875 0.01484375 0.03671875
3 0.60234375 0.3671875 0.015625 0.03046875
3 0.265625 0.56640625 0.0125 0.0640625
3 0.721875 0.40859375 0.00859375 0.03203125
0 0.5421875 0.41328125 0.0109375 0.04296875
3 0.5453125 0.390625 0.009375 0.028125
3 0.715625 0.434375 0.01171875 0.040625
3 0.7375 0.4375 0.01328125 0.0421875
2 0.81171875 0.3625 0.01328125 0.0375