1 0.78125 0.4125 0.00546875 0.00859375
3 0.81640625 0.6203125 0.03125 0.109375
3 0.3609375 0.3890625 0.009375 0.0453125
3 0.56796875 0.3203125 0.01015625 0.0328125
3 0.715625 0.35625 0.0140625 0.046875
3 0.47578125 0.3640625 0.01171875 0.04296875
3 0.44921875 0.40703125 0.0125 0.0421875
3 0.6546875 0.384375 0.01796875 0.046875
3 0.7390625 0.41796875 0.015625 0.05546875
3 0.24375 0.3609375 0.0140625 0.0453125
3 0.55625 0.3640625 0.01015625 0.0359375
3 0.56640625 0.3875 0.01171875 0.04375
3 0.09609375 0.5984375 0.03671875 0.08671875
3 0.09921875 0.49140625 0.01953125 0.0671875
3 0.8015625 0.4 0.01875 0.04921875
3 0.35390625 0.3453125 0.01015625 0.03828125
0 0.60859375 0.3515625 0.0109375 0.03359375
3 0.134375 0.40625 0.01796875 0.04375
3 0.4140625 0.31171875 0.01171875 0.02890625
3 0.02265625 0.8171875 0.0390625 0.16015625
2 0.95234375 0.35078125 0.01171875 0.03828125
3 0.13203125 0.43125 0.01640625 0.059375
3 0.33515625 0.3109375 0.01015625 0.0359375