1 0.1515625 0.58203125 0.01171875 0.0109375
3 0.6390625 0.51796875 0.01484375 0.0609375
3 0.36171875 0.42734375 0.01484375 0.046875
3 0.490625 0.36875 0.01015625 0.0421875
3 0.25703125 0.3578125 0.0109375 0.0390625
3 0.321875 0.33828125 0.01015625 0.040625
3 0.4515625 0.36328125 0.0109375 0.0390625
0 0.503125 0.38359375 0.0109375 0.04140625
3 0.215625 0.40703125 0.0109375 0.04375
3 0.70234375 0.38984375 0.01328125 0.04453125
3 0.7453125 0.3890625 0.0109375 0.04140625
3 0.63046875 0.35390625 0.009375 0.03984375
3 0.1265625 0.55703125 0.01484375 0.06328125
3 0.6328125 0.4015625 0.0140625 0.04375
3 0.7984375 0.43984375 0.01484375 0.04765625
3 0.71953125 0.35 0.01015625 0.04296875
3 0.47265625 0.44375 0.01171875 0.05078125
3 0.31640625 0.43125 0.0125 0.05234375
3 0.30078125 0.40234375 0.01171875 0.046875
3 0.49765625 0.3203125 0.0140625 0.02734375
3 0.7875 0.56484375 0.01640625 0.06484375
3 0.50234375 0.3109375 0.009375 0.028125