1 0.6796875 0.5578125 0.01015625 0.009375
3 0.70390625 0.534375 0.0203125 0.05625
3 0.41328125 0.47890625 0.0125 0.04765625
3 0.50390625 0.4921875 0.01328125 0.040625
3 0.5171875 0.4859375 0.009375 0.04453125
0 0.45 0.46875 0.01328125 0.04296875
3 0.5046875 0.4234375 0.01015625 0.03125
3 0.6375 0.45546875 0.0125 0.0375
3 0.1859375 0.47578125 0.01171875 0.05078125
3 0.1546875 0.54765625 0.01328125 0.0609375
3 0.47890625 0.4421875 0.0109375 0.03828125
3 0.5265625 0.6046875 0.015625 0.0625
3 0.45 0.3921875 0.0125 0.03515625
3 0.58671875 0.43671875 0.01640625 0.03671875
3 0.52265625 0.4140625 0.0109375 0.034375
3 0.8625 0.55 0.015625 0.05546875
3 0.73671875 0.5015625 0.01640625 0.04140625
3 0.7203125 0.52421875 0.021875 0.046875
3 0.2828125 0.49140625 0.015625 0.05390625
3 0.53203125 0.403125 0.00859375 0.034375
3 0.5421875 0.4125 0.01171875 0.0328125
2 0.64453125 0.4046875 0.01171875 0.03515625