1 0.340625 0.3234375 0.00390625 0.00859375
3 0.628125 0.39140625 0.0125 0.0515625
3 0.490625 0.29453125 0.009375 0.034375
3 0.4671875 0.32890625 0.0109375 0.0359375
3 0.446875 0.315625 0.01015625 0.0453125
3 0.53359375 0.29140625 0.009375 0.0328125
3 0.6734375 0.31953125 0.00859375 0.034375
3 0.78984375 0.3203125 0.01015625 0.0375
3 0.52578125 0.3328125 0.009375 0.03359375
3 0.28203125 0.42734375 0.01953125 0.05390625
2 0.02890625 0.33046875 0.01171875 0.0421875
3 0.37890625 0.28671875 0.01171875 0.03203125
3 0.74296875 0.28984375 0.009375 0.03046875
3 0.4125 0.27421875 0.00859375 0.034375
3 0.73359375 0.3328125 0.01171875 0.03359375
3 0.4671875 0.2671875 0.00703125 0.025
0 0.58046875 0.346875 0.00859375 0.03984375
3 0.3890625 0.3140625 0.0109375 0.0328125
3 0.5765625 0.2671875 0.0109375 0.028125
3 0.8453125 0.38125 0.0109375 0.05390625
3 0.7359375 0.290625 0.009375 0.03125
3 0.39921875 0.315625 0.0140625 0.0359375
3 0.74765625 0.47265625 0.0125 0.03828125